# Camera list with one line of data per camera:
#   CAMERA_ID, MODEL, WIDTH, HEIGHT, PARAMS[]
# Number of cameras: 180
208 PINHOLE 1280 720 954.14633145464154 943.54756905221848 640 360
207 PINHOLE 1280 720 910.50589319699861 902.9984283928477 640 360
206 PINHOLE 1280 720 928.39321965470697 921.52942825988555 640 360
205 PINHOLE 1280 720 956.52809944003764 943.4956875742356 640 360
188 PINHOLE 1280 720 1936.2643260029226 1672.1442044127496 640 360
187 PINHOLE 1280 720 1627.6388396305804 1526.9612495805807 640 360
186 PINHOLE 1280 720 1585.7375780386101 1294.4713704383093 640 360
185 PINHOLE 1280 720 1236.1288295392583 1237.8943118886275 640 360
184 PINHOLE 1280 720 849.37280218172282 1360.8448970655074 640 360
183 PINHOLE 1280 720 797.95424905274001 1242.6454019342298 640 360
182 PINHOLE 1280 720 761.19371646831405 1126.9594021085193 640 360
181 PINHOLE 1280 720 727.80372808475988 1037.774052299093 640 360
180 PINHOLE 1280 720 700.60594335904852 975.26607718441608 640 360
179 PINHOLE 1280 720 663.55393332922768 907.11026909304485 640 360
178 PINHOLE 1280 720 631.85823374095514 834.21126031012625 640 360
177 PINHOLE 1280 720 592.95693784734749 765.25623437593924 640 360
176 PINHOLE 1280 720 621.42866627770286 883.48343631421267 640 360
175 PINHOLE 1280 720 632.89712476469447 901.75772061324233 640 360
174 PINHOLE 1280 720 640.41370872396453 912.58559502821015 640 360
173 PINHOLE 1280 720 646.59747014497805 922.53762723462307 640 360
172 PINHOLE 1280 720 653.76473073914372 936.16138162927359 640 360
171 PINHOLE 1280 720 660.31937501372954 947.83646093928974 640 360
170 PINHOLE 1280 720 667.14082883500998 960.13906007854803 640 360
169 PINHOLE 1280 720 673.23960522796085 970.5714313234032 640 360
168 PINHOLE 1280 720 679.77554603686576 982.33279444475397 640 360
167 PINHOLE 1280 720 686.9025539602784 995.66932576705301 640 360
166 PINHOLE 1280 720 692.79943507221219 1006.9882872496349 640 360
165 PINHOLE 1280 720 699.34266190917549 1019.2178064180957 640 360
164 PINHOLE 1280 720 705.13375716364817 1030.2467367009929 640 360
163 PINHOLE 1280 720 708.67572906901205 1043.9909103628968 640 360
162 PINHOLE 1280 720 694.20373859227357 982.74580826826821 640 360
161 PINHOLE 1280 720 703.20904057361759 999.51436570211979 640 360
160 PINHOLE 1280 720 703.2090405736177 999.51436570211968 640 360
159 PINHOLE 1280 720 703.20904057361747 999.51436570211979 640 360
158 PINHOLE 1280 720 886.84882350791202 865.20950743537571 640 360
157 PINHOLE 1280 720 898.21318106888452 872.14551890180246 640 360
156 PINHOLE 1280 720 901.2493024211991 871.0935289710045 640 360
155 PINHOLE 1280 720 906.94130103661564 870.06999068587254 640 360
154 PINHOLE 1280 720 911.68083638828182 873.853454805963 640 360
153 PINHOLE 1280 720 915.20853894304139 875.94041767583849 640 360
152 PINHOLE 1280 720 921.12439374042981 881.10884771064957 640 360
151 PINHOLE 1280 720 928.54644300290943 888.66419225228833 640 360
150 PINHOLE 1280 720 936.50201671550667 899.39430598319859 640 360
149 PINHOLE 1280 720 944.94016607642948 910.9113998867175 640 360
148 PINHOLE 1280 720 954.35969309242296 924.2141515877089 640 360
147 PINHOLE 1280 720 963.46751632666019 937.85718210416383 640 360
146 PINHOLE 1280 720 937.5601450864101 927.89514612285006 640 360
145 PINHOLE 1280 720 938.13599961277748 928.23753217173817 640 360
144 PINHOLE 1280 720 938.43139213123504 923.51629404727703 640 360
143 PINHOLE 1280 720 938.59279939393491 927.24546918939427 640 360
142 PINHOLE 1280 720 940.54875329964875 930.67395346686021 640 360
141 PINHOLE 1280 720 937.23318788839117 929.64074030777022 640 360
140 PINHOLE 1280 720 939.27428760675446 931.31231167374312 640 360
59 PINHOLE 1280 720 1035.7718675845795 946.16564369268895 640 360
58 PINHOLE 1280 720 1042.0535762916222 945.93252879125362 640 360
57 PINHOLE 1280 720 1082.1093227862664 960.09284077138375 640 360
56 PINHOLE 1280 720 1065.8123459730903 948.37900652801136 640 360
55 PINHOLE 1280 720 1047.170398466505 929.33129218990496 640 360
54 PINHOLE 1280 720 1046.0700046547433 919.46926395437788 640 360
53 PINHOLE 1280 720 1052.3680936337364 910.36284984538156 640 360
52 PINHOLE 1280 720 1077.340845247933 909.92720573826102 640 360
51 PINHOLE 1280 720 1077.1757112656858 909.89414993230082 640 360
50 PINHOLE 1280 720 1128.7309192723703 975.12942525929998 640 360
49 PINHOLE 1280 720 1156.2203852561786 1007.8484197637955 640 360
48 PINHOLE 1280 720 1203.9180851299134 1016.0046197090153 640 360
47 PINHOLE 1280 720 1256.5045846102703 1019.9367934263597 640 360
46 PINHOLE 1280 720 1317.0007556685111 1009.3336695595169 640 360
45 PINHOLE 1280 720 1317.0007556685111 1009.3336695595168 640 360
44 PINHOLE 1280 720 1402.4595274870344 1022.9245909019503 640 360
43 PINHOLE 1280 720 1514.8865099588934 1052.3820151034101 640 360
42 PINHOLE 1280 720 1350.5772767287651 1129.4072636394894 640 360
13 PINHOLE 1280 720 921.80247228791904 917.51601481133639 640 360
71 PINHOLE 1280 720 920.78842330882151 911.94147286793839 640 360
12 PINHOLE 1280 720 922.63796302358787 917.45821065364282 640 360
139 PINHOLE 1280 720 942.12268339402624 936.41335475658707 640 360
41 PINHOLE 1280 720 982.20676441616331 1457.6098117447229 640 360
70 PINHOLE 1280 720 935.30387308558591 922.32431209836898 640 360
11 PINHOLE 1280 720 923.41333215922418 918.84159185915189 640 360
138 PINHOLE 1280 720 942.53328526758082 932.01687058163725 640 360
40 PINHOLE 1280 720 990.3449194207102 1589.8465266438409 640 360
69 PINHOLE 1280 720 918.33763889929946 899.75037783742755 640 360
10 PINHOLE 1280 720 924.00666050825134 920.73092335106901 640 360
137 PINHOLE 1280 720 943.56364261376609 933.82440221799072 640 360
39 PINHOLE 1280 720 1105.1560336231098 1735.6271796230633 640 360
68 PINHOLE 1280 720 932.92451539328181 905.60464205916503 640 360
9 PINHOLE 1280 720 924.92355836106003 920.786742700687 640 360
136 PINHOLE 1280 720 940.82284993967778 927.30101856039857 640 360
38 PINHOLE 1280 720 908.52370500959285 1823.5381773085501 640 360
67 PINHOLE 1280 720 947.61015051465313 917.09712947211051 640 360
8 PINHOLE 1280 720 925.44071304926911 921.40047622023906 640 360
135 PINHOLE 1280 720 942.32819860568577 928.69033313838895 640 360
66 PINHOLE 1280 720 963.65146185266065 927.07091177227335 640 360
7 PINHOLE 1280 720 926.46255304638805 922.74037527595749 640 360
134 PINHOLE 1280 720 944.97277437469313 931.81745864611207 640 360
65 PINHOLE 1280 720 974.38822843595267 930.9358767297623 640 360
6 PINHOLE 1280 720 926.79149335047066 923.10497065367292 640 360
133 PINHOLE 1280 720 944.09029945376653 936.69680485872539 640 360
64 PINHOLE 1280 720 985.13207254208248 932.06696331717671 640 360
5 PINHOLE 1280 720 926.89352789396571 923.38743447428624 640 360
132 PINHOLE 1280 720 950.48293431055401 934.73390166963793 640 360
63 PINHOLE 1280 720 995.17372860955243 932.77736932858534 640 360
4 PINHOLE 1280 720 928.26567044335707 925.45351177753616 640 360
131 PINHOLE 1280 720 951.4095234046157 934.87590019134132 640 360
62 PINHOLE 1280 720 995.17372860955231 932.77736932858409 640 360
3 PINHOLE 1280 720 928.35839683038398 925.92073669421711 640 360
130 PINHOLE 1280 720 941.66616881884033 931.31892048953 640 360
61 PINHOLE 1280 720 1031.7502962645301 940.04010258056189 640 360
2 PINHOLE 1280 720 931.15822820920971 929.24740767017147 640 360
129 PINHOLE 1280 720 951.16083296815589 931.43498788753038 640 360
60 PINHOLE 1280 720 1032.5471191565107 942.53294738166414 640 360
1 PINHOLE 1280 720 931.2200685968221 929.2814566364998 640 360
128 PINHOLE 1280 720 944.50809626377588 931.00985584225521 640 360
14 PINHOLE 1280 720 921.79898254418799 917.35805521144175 640 360
15 PINHOLE 1280 720 918.76279216575222 915.05388105681743 640 360
16 PINHOLE 1280 720 921.07143147427598 916.12035089960705 640 360
17 PINHOLE 1280 720 919.75253032296496 916.0522785240978 640 360
18 PINHOLE 1280 720 928.30592865084134 921.2306910232661 640 360
19 PINHOLE 1280 720 923.70005904158961 913.70907435287404 640 360
20 PINHOLE 1280 720 923.70005904158882 913.70907435287404 640 360
21 PINHOLE 1280 720 917.71140605309051 905.05721205833845 640 360
22 PINHOLE 1280 720 924.47988464296714 908.99556041695962 640 360
23 PINHOLE 1280 720 924.47988464296589 908.99556041695689 640 360
24 PINHOLE 1280 720 951.31244765119868 945.45254824880783 640 360
25 PINHOLE 1280 720 926.68005811881062 922.69211641046991 640 360
72 PINHOLE 1280 720 929.94467079569006 923.09076387807841 640 360
73 PINHOLE 1280 720 927.25402202020325 921.92408628841497 640 360
74 PINHOLE 1280 720 928.0928000203287 922.52230751093134 640 360
75 PINHOLE 1280 720 927.15573601436222 923.36987494155073 640 360
76 PINHOLE 1280 720 929.14926069979265 924.31513949355474 640 360
77 PINHOLE 1280 720 929.08569108964969 924.58925027125736 640 360
78 PINHOLE 1280 720 927.87511179845274 924.12516237280317 640 360
79 PINHOLE 1280 720 925.86190716081796 920.93617944277196 640 360
80 PINHOLE 1280 720 930.85529347848581 927.25467779960263 640 360
81 PINHOLE 1280 720 928.90825459173288 925.27685082044616 640 360
82 PINHOLE 1280 720 924.69266980345628 920.30427049611581 640 360
83 PINHOLE 1280 720 926.94835694273604 923.19426160787305 640 360
84 PINHOLE 1280 720 931.10317562603143 928.19448704302761 640 360
85 PINHOLE 1280 720 929.49378538849999 925.43687758732733 640 360
86 PINHOLE 1280 720 926.25805314963395 922.39087382583114 640 360
87 PINHOLE 1280 720 924.20848114276191 920.07620523513367 640 360
88 PINHOLE 1280 720 926.31765655064953 921.84562299116919 640 360
89 PINHOLE 1280 720 926.61872276345127 919.94018705302619 640 360
90 PINHOLE 1280 720 927.46259128581494 919.86859253555372 640 360
91 PINHOLE 1280 720 926.87795457800996 918.38862849821044 640 360
92 PINHOLE 1280 720 926.53409752550044 918.51015380879267 640 360
93 PINHOLE 1280 720 925.14936226206953 915.1495078676196 640 360
94 PINHOLE 1280 720 924.36100365225093 915.36151787850247 640 360
95 PINHOLE 1280 720 925.34233609188402 914.29523689405528 640 360
96 PINHOLE 1280 720 926.58199812822329 912.71266526390207 640 360
97 PINHOLE 1280 720 926.94679264018896 911.56908701532427 640 360
98 PINHOLE 1280 720 927.34019839949951 913.13992176743352 640 360
99 PINHOLE 1280 720 932.42695042532387 919.50504655012571 640 360
100 PINHOLE 1280 720 928.09620131490897 918.56184664847478 640 360
101 PINHOLE 1280 720 928.92891938892365 923.57774279280227 640 360
102 PINHOLE 1280 720 936.00691923205204 930.09107868366789 640 360
103 PINHOLE 1280 720 934.01418273326965 929.59313851542902 640 360
104 PINHOLE 1280 720 928.27443364037879 926.4770544658702 640 360
105 PINHOLE 1280 720 922.79403492410518 919.52968360667364 640 360
106 PINHOLE 1280 720 926.84252224965746 923.68637559310389 640 360
107 PINHOLE 1280 720 926.84252224965644 923.68637559310184 640 360
108 PINHOLE 1280 720 935.71894773136762 932.76853871957121 640 360
109 PINHOLE 1280 720 928.93796786215773 924.65449256158684 640 360
110 PINHOLE 1280 720 928.57862214367833 922.48351791149787 640 360
111 PINHOLE 1280 720 929.72171249484063 924.69670591528961 640 360
112 PINHOLE 1280 720 931.55488829378646 925.08949270899438 640 360
113 PINHOLE 1280 720 938.84960919459468 933.67501832715936 640 360
114 PINHOLE 1280 720 966.3056212777185 961.35773685104323 640 360
115 PINHOLE 1280 720 932.45999350154068 928.49265491605297 640 360
116 PINHOLE 1280 720 936.51734227181498 930.46710152816866 640 360
117 PINHOLE 1280 720 940.27254235394935 937.89985190425693 640 360
118 PINHOLE 1280 720 936.03544171864075 929.00077919131866 640 360
119 PINHOLE 1280 720 938.14881703278945 931.60248142250509 640 360
120 PINHOLE 1280 720 939.11990021262181 933.04617233589556 640 360
121 PINHOLE 1280 720 940.47188330038807 935.33495838117506 640 360
122 PINHOLE 1280 720 945.40160062488565 947.09703513613829 640 360
123 PINHOLE 1280 720 942.30712821850739 937.17196427397573 640 360
124 PINHOLE 1280 720 940.90384454961406 934.63567831973683 640 360
125 PINHOLE 1280 720 939.79547517643846 933.0153122664824 640 360
126 PINHOLE 1280 720 941.21381639067988 932.28932800412531 640 360
127 PINHOLE 1280 720 941.80268433778394 929.73292423439523 640 360
