REAL-DATA MARKER LENGTH AND REPROJECTION RESULTS
==========================================================================================================================================

Expected marker edge length: 17.00 cm

METHOD / VARIANT RESULTS
------------------------------------------------------------------------------------------------------------------------------------------
Method / variant                                                                                | Status | Anchor | Cams | Moving | Markers | Marker RMSE [cm] | Marker RMSE [%] | Moving RMSE [px] | Cross-camera RMSE [px] | Cross corners
------------------------------------------------------------------------------------------------+--------+--------+------+--------+---------+------------------+-----------------+------------------+------------------------+--------------
AP01__baseline                                                                                  | OK     | 14     | 4    | 175    | 19      | 0.1964           | 1.1555          | 0.7888           | 55.1567                | 112          
AP01__advanced_strategy_wizard_robustness_v1__direct_markers_2__direct_inlier_ratio_0__96129bf5 | OK     | 14     | 4    | 175    | 19      | 0.1965           | 1.1557          | 0.7890           | 497.8867               | 112          
AP02__baseline                                                                                  | OK     | 14     | 4    | 140    | 19      | 0.1347           | 0.7923          | 0.6256           | 0.7508                 | 112          
AP03_MULTI__baseline                                                                            | OK     | 14     | 4    | 175    | 19      | 0.1972           | 1.1600          | 0.7744           | 0.8974                 | 112          

AP01__baseline: MARKER RESULTS
------------------------------------------------------------------------------------------------------------------------------------------
Marker | Role         | Estimated length [cm] | Expected length [cm] | Abs error [cm] | Rel error [%] | Moving RMSE [px] | Cross-camera RMSE [px] | Static cams | Cross corners
-------+--------------+-----------------------+----------------------+----------------+---------------+------------------+------------------------+-------------+--------------
0      | validation   | 16.8066               | 17.0000              | 0.1934         | 1.1379        | 0.7127           | 37.9982                | 1           | 4            
1      | validation   | 17.2519               | 17.0000              | 0.2519         | 1.4815        | 1.4513           | 15.0424                | 1           | 4            
2      | validation   | 16.9735               | 17.0000              | 0.0265         | 0.1560        | 0.4440           | 4.7296                 | 2           | 8            
3      | validation   | 16.8924               | 17.0000              | 0.1076         | 0.6332        | 0.8630           | 7.7501                 | 2           | 8            
4      | validation   | 17.0778               | 17.0000              | 0.0778         | 0.4578        | 0.6113           | 7.7653                 | 2           | 8            
5      | validation   | 16.8016               | 17.0000              | 0.1984         | 1.1669        | 0.5193           | 5.9784                 | 2           | 8            
6      | validation   | 16.9380               | 17.0000              | 0.0620         | 0.3647        | 0.5003           | 4.0073                 | 2           | 8            
7      | validation   | 16.9314               | 17.0000              | 0.0686         | 0.4034        | 0.5250           | 5.7967                 | 3           | 12           
8      | validation   | 16.7712               | 17.0000              | 0.2288         | 1.3458        | 0.8982           | 6.3773                 | 2           | 8            
9      | validation   | 16.9851               | 17.0000              | 0.0149         | 0.0878        | 0.3929           | 120.1034               | 1           | 4            
10     | validation   | 17.0602               | 17.0000              | 0.0602         | 0.3542        | 0.5290           | 62.6332                | 1           | 4            
11     | validation   | 17.3141               | 17.0000              | 0.3141         | 1.8476        | 0.6461           | 127.9807               | 1           | 4            
12     | validation   | 17.1624               | 17.0000              | 0.1624         | 0.9552        | 0.8201           | 62.3387                | 1           | 4            
13     | validation   | 17.2486               | 17.0000              | 0.2486         | 1.4623        | 0.6367           | 198.2402               | 1           | 4            
14     | scale anchor | 17.0000               | 17.0000              | 0              | 0             | 0.7152           | 0.4691                 | 2           | 8            
16     | validation   | 16.6963               | 17.0000              | 0.3037         | 1.7867        | 0.7645           | 41.7921                | 1           | 4            
17     | validation   | 16.6733               | 17.0000              | 0.3267         | 1.9219        | 1.2223           | 39.8122                | 2           | 8            
18     | validation   | 16.8634               | 17.0000              | 0.1366         | 0.8036        | 1.0274           | 2.5299                 | 1           | 4            
19     | validation   | 17.0651               | 17.0000              | 0.0651         | 0.3828        | 0.8529           | 6.8945                 | 1           | 4            
20     | validation   | 16.6820               | 17.0000              | 0.3180         | 1.8704        | 0.6790           | 7.6958                 | 1           | 4            

AP01__advanced_strategy_wizard_robustness_v1__direct_markers_2__direct_inlier_ratio_0__96129bf5: MARKER RESULTS
------------------------------------------------------------------------------------------------------------------------------------------
Marker | Role         | Estimated length [cm] | Expected length [cm] | Abs error [cm] | Rel error [%] | Moving RMSE [px] | Cross-camera RMSE [px] | Static cams | Cross corners
-------+--------------+-----------------------+----------------------+----------------+---------------+------------------+------------------------+-------------+--------------
0      | validation   | 16.8060               | 17.0000              | 0.1940         | 1.1413        | 0.7145           | 1877.8928              | 1           | 4            
1      | validation   | 17.2518               | 17.0000              | 0.2518         | 1.4809        | 1.4513           | 1239.8747              | 1           | 4            
2      | validation   | 16.9733               | 17.0000              | 0.0267         | 0.1568        | 0.4440           | 254.0418               | 2           | 8            
3      | validation   | 16.8923               | 17.0000              | 0.1077         | 0.6334        | 0.8630           | 73.1508                | 2           | 8            
4      | validation   | 17.0778               | 17.0000              | 0.0778         | 0.4578        | 0.6113           | 45.2146                | 2           | 8            
5      | validation   | 16.8016               | 17.0000              | 0.1984         | 1.1670        | 0.5193           | 17.9803                | 2           | 8            
6      | validation   | 16.9380               | 17.0000              | 0.0620         | 0.3647        | 0.5003           | 14.7080                | 2           | 8            
7      | validation   | 16.9315               | 17.0000              | 0.0685         | 0.4032        | 0.5250           | 18.0356                | 3           | 12           
8      | validation   | 16.7712               | 17.0000              | 0.2288         | 1.3458        | 0.8984           | 19.1189                | 2           | 8            
9      | validation   | 16.9851               | 17.0000              | 0.0149         | 0.0876        | 0.3929           | 639.4723               | 1           | 4            
10     | validation   | 17.0602               | 17.0000              | 0.0602         | 0.3543        | 0.5290           | 154.8243               | 1           | 4            
11     | validation   | 17.3141               | 17.0000              | 0.3141         | 1.8476        | 0.6461           | 425.4591               | 1           | 4            
12     | validation   | 17.1624               | 17.0000              | 0.1624         | 0.9551        | 0.8201           | 342.9608               | 1           | 4            
13     | validation   | 17.2486               | 17.0000              | 0.2486         | 1.4623        | 0.6367           | 813.1815               | 1           | 4            
14     | scale anchor | 17.0000               | 17.0000              | 0              | 0             | 0.7152           | 75.7557                | 2           | 8            
16     | validation   | 16.6962               | 17.0000              | 0.3038         | 1.7872        | 0.7645           | 532.3382               | 1           | 4            
17     | validation   | 16.6733               | 17.0000              | 0.3267         | 1.9216        | 1.2221           | 22.9395                | 2           | 8            
18     | validation   | 16.8634               | 17.0000              | 0.1366         | 0.8038        | 1.0274           | 3.1655                 | 1           | 4            
19     | validation   | 17.0651               | 17.0000              | 0.0651         | 0.3827        | 0.8529           | 207.5011               | 1           | 4            
20     | validation   | 16.6820               | 17.0000              | 0.3180         | 1.8705        | 0.6790           | 101.1491               | 1           | 4            

AP02__baseline: MARKER RESULTS
------------------------------------------------------------------------------------------------------------------------------------------
Marker | Role         | Estimated length [cm] | Expected length [cm] | Abs error [cm] | Rel error [%] | Moving RMSE [px] | Cross-camera RMSE [px] | Static cams | Cross corners
-------+--------------+-----------------------+----------------------+----------------+---------------+------------------+------------------------+-------------+--------------
0      | validation   | 16.8533               | 17.0000              | 0.1467         | 0.8629        | 0.4757           | 0.4615                 | 1           | 4            
1      | validation   | 16.9745               | 17.0000              | 0.0255         | 0.1498        | 1.0443           | 0.6468                 | 1           | 4            
2      | validation   | 16.9605               | 17.0000              | 0.0395         | 0.2323        | 0.4935           | 0.9457                 | 2           | 8            
3      | validation   | 16.9095               | 17.0000              | 0.0905         | 0.5326        | 0.7348           | 0.8761                 | 2           | 8            
4      | validation   | 17.0388               | 17.0000              | 0.0388         | 0.2281        | 0.5273           | 1.1200                 | 2           | 8            
5      | validation   | 16.8649               | 17.0000              | 0.1351         | 0.7945        | 0.4634           | 0.3817                 | 2           | 8            
6      | validation   | 16.9436               | 17.0000              | 0.0564         | 0.3317        | 0.4002           | 0.5120                 | 2           | 8            
7      | validation   | 16.9088               | 17.0000              | 0.0912         | 0.5362        | 0.4237           | 0.7535                 | 3           | 12           
8      | validation   | 16.8016               | 17.0000              | 0.1984         | 1.1672        | 0.7064           | 0.6022                 | 2           | 8            
9      | validation   | 16.8604               | 17.0000              | 0.1396         | 0.8210        | 0.3764           | 0.4411                 | 1           | 4            
10     | validation   | 16.9247               | 17.0000              | 0.0753         | 0.4430        | 0.4427           | 0.5061                 | 1           | 4            
11     | validation   | 17.0539               | 17.0000              | 0.0539         | 0.3173        | 0.5660           | 0.2875                 | 1           | 4            
12     | validation   | 16.9902               | 17.0000              | 0.0098         | 0.0578        | 0.4501           | 0.5833                 | 1           | 4            
13     | validation   | 16.9885               | 17.0000              | 0.0115         | 0.0676        | 0.5008           | 0.6888                 | 1           | 4            
14     | scale anchor | 17.0000               | 17.0000              | 0              | 0             | 0.4839           | 0.4658                 | 2           | 8            
16     | validation   | 16.7298               | 17.0000              | 0.2702         | 1.5895        | 0.5279           | 0.4429                 | 1           | 4            
17     | validation   | 16.6923               | 17.0000              | 0.3077         | 1.8100        | 1.0259           | 1.0927                 | 2           | 8            
18     | validation   | 16.8857               | 17.0000              | 0.1143         | 0.6721        | 0.9619           | 1.2568                 | 1           | 4            
19     | validation   | 16.9804               | 17.0000              | 0.0196         | 0.1156        | 0.7708           | 0.4747                 | 1           | 4            
20     | validation   | 16.8191               | 17.0000              | 0.1809         | 1.0643        | 0.4892           | 0.5808                 | 1           | 4            

AP03_MULTI__baseline: MARKER RESULTS
------------------------------------------------------------------------------------------------------------------------------------------
Marker | Role         | Estimated length [cm] | Expected length [cm] | Abs error [cm] | Rel error [%] | Moving RMSE [px] | Cross-camera RMSE [px] | Static cams | Cross corners
-------+--------------+-----------------------+----------------------+----------------+---------------+------------------+------------------------+-------------+--------------
0      | validation   | 16.8094               | 17.0000              | 0.1906         | 1.1213        | 0.6987           | 0.4948                 | 1           | 4            
1      | validation   | 17.2836               | 17.0000              | 0.2836         | 1.6681        | 1.2584           | 1.1348                 | 1           | 4            
2      | validation   | 16.9290               | 17.0000              | 0.0710         | 0.4175        | 0.4237           | 1.2167                 | 2           | 8            
3      | validation   | 16.8922               | 17.0000              | 0.1078         | 0.6344        | 0.8607           | 0.9158                 | 2           | 8            
4      | validation   | 17.0767               | 17.0000              | 0.0767         | 0.4513        | 0.6358           | 1.1352                 | 2           | 8            
5      | validation   | 16.8000               | 17.0000              | 0.2000         | 1.1762        | 0.5362           | 0.5730                 | 2           | 8            
6      | validation   | 16.9610               | 17.0000              | 0.0390         | 0.2292        | 0.5197           | 0.5938                 | 2           | 8            
7      | validation   | 16.9477               | 17.0000              | 0.0523         | 0.3079        | 0.5241           | 1.0348                 | 3           | 12           
8      | validation   | 16.7684               | 17.0000              | 0.2316         | 1.3623        | 0.9217           | 0.7033                 | 2           | 8            
9      | validation   | 16.9816               | 17.0000              | 0.0184         | 0.1085        | 0.3920           | 0.4883                 | 1           | 4            
10     | validation   | 17.0574               | 17.0000              | 0.0574         | 0.3375        | 0.5271           | 0.5230                 | 1           | 4            
11     | validation   | 17.3078               | 17.0000              | 0.3078         | 1.8107        | 0.5735           | 0.2886                 | 1           | 4            
12     | validation   | 17.1592               | 17.0000              | 0.1592         | 0.9366        | 0.7991           | 0.7697                 | 1           | 4            
13     | validation   | 17.2375               | 17.0000              | 0.2375         | 1.3968        | 0.6360           | 0.8777                 | 1           | 4            
14     | scale anchor | 17.0000               | 17.0000              | 0              | 0             | 0.6793           | 0.5201                 | 2           | 8            
16     | validation   | 16.6967               | 17.0000              | 0.3033         | 1.7839        | 0.7358           | 0.5669                 | 1           | 4            
17     | validation   | 16.6670               | 17.0000              | 0.3330         | 1.9589        | 1.2300           | 1.3081                 | 2           | 8            
18     | validation   | 16.8651               | 17.0000              | 0.1349         | 0.7936        | 1.0012           | 1.2069                 | 1           | 4            
19     | validation   | 17.0717               | 17.0000              | 0.0717         | 0.4215        | 0.8646           | 0.8471                 | 1           | 4            
20     | validation   | 16.6912               | 17.0000              | 0.3088         | 1.8163        | 0.6636           | 0.6008                 | 1           | 4            
