# Camera list with one line of data per camera:
#   CAMERA_ID, MODEL, WIDTH, HEIGHT, PARAMS[]
# Number of cameras: 208
208 PINHOLE 1280 720 388.25358697418466 414.21074192679004 640 360
207 PINHOLE 1280 720 919.8280165337469 921.14298243395592 640 360
206 PINHOLE 1280 720 933.90669654617079 931.78049599223118 640 360
205 PINHOLE 1280 720 934.11600919944931 932.99290790133591 640 360
204 PINHOLE 1280 720 928.64281248770715 920.58292878387215 640 360
203 PINHOLE 1280 720 928.63866781887123 919.73359577238466 640 360
202 PINHOLE 1280 720 930.29663491598194 921.30839598049818 640 360
201 PINHOLE 1280 720 929.11972259612776 920.20301890601786 640 360
200 PINHOLE 1280 720 926.86766868098391 918.16084006616359 640 360
199 PINHOLE 1280 720 926.37736478913087 917.33288001257665 640 360
198 PINHOLE 1280 720 928.59731334216428 919.32594932663528 640 360
197 PINHOLE 1280 720 932.93336997364747 923.77771846987343 640 360
196 PINHOLE 1280 720 932.89630788696297 924.54599537944625 640 360
195 PINHOLE 1280 720 930.17223650453263 924.14327417039124 640 360
194 PINHOLE 1280 720 928.52618589317046 924.11676638722975 640 360
193 PINHOLE 1280 720 930.46931978592386 923.41101832287382 640 360
192 PINHOLE 1280 720 935.16396798754249 927.25920790920861 640 360
191 PINHOLE 1280 720 930.16112995220453 924.83875478460516 640 360
190 PINHOLE 1280 720 932.49234748788444 926.99780560045417 640 360
189 PINHOLE 1280 720 929.32062022187131 923.16994229843647 640 360
188 PINHOLE 1280 720 929.73310315184619 922.72619917217105 640 360
187 PINHOLE 1280 720 930.74797435825974 925.76642097851845 640 360
186 PINHOLE 1280 720 928.9369783953623 925.68153283929371 640 360
185 PINHOLE 1280 720 929.23034570705011 927.24651756586388 640 360
184 PINHOLE 1280 720 929.19274837053831 929.51677652841749 640 360
183 PINHOLE 1280 720 929.02780681869535 929.28943335917461 640 360
182 PINHOLE 1280 720 928.37335301206235 928.55720298452752 640 360
181 PINHOLE 1280 720 932.59517920777307 933.42405845059659 640 360
180 PINHOLE 1280 720 928.39662294235086 929.81205690188324 640 360
179 PINHOLE 1280 720 926.52504808391427 929.99769170419393 640 360
178 PINHOLE 1280 720 927.72908050834087 930.96347164965186 640 360
177 PINHOLE 1280 720 925.67801562931754 929.67026243317127 640 360
176 PINHOLE 1280 720 928.91827103543949 933.05998208334643 640 360
175 PINHOLE 1280 720 931.07023683295301 934.6717406446927 640 360
174 PINHOLE 1280 720 929.93126177316458 933.21863877969679 640 360
173 PINHOLE 1280 720 928.61170150884197 932.07207703621464 640 360
172 PINHOLE 1280 720 929.66595949533394 933.91028156145046 640 360
171 PINHOLE 1280 720 929.23066018041015 932.55780666520275 640 360
170 PINHOLE 1280 720 932.19115293542029 936.24951616083592 640 360
169 PINHOLE 1280 720 931.13419685787221 933.98627053655127 640 360
168 PINHOLE 1280 720 929.26115229473828 931.48621418450648 640 360
167 PINHOLE 1280 720 929.9903620574346 932.62869948596335 640 360
166 PINHOLE 1280 720 927.870447679996 930.22623687948897 640 360
165 PINHOLE 1280 720 930.0536455402854 933.48942808647598 640 360
164 PINHOLE 1280 720 927.92583170575563 930.16990439048482 640 360
163 PINHOLE 1280 720 930.69028420724874 932.84760588482811 640 360
162 PINHOLE 1280 720 928.17841630830583 930.12762425223934 640 360
161 PINHOLE 1280 720 928.8834819236647 930.37999858375042 640 360
160 PINHOLE 1280 720 928.17002909468533 928.85249843854001 640 360
159 PINHOLE 1280 720 926.63658813735935 927.77288520579236 640 360
158 PINHOLE 1280 720 927.28956494527984 928.41437509013588 640 360
157 PINHOLE 1280 720 929.04156455780515 929.52854456529292 640 360
156 PINHOLE 1280 720 928.23798151971653 929.15570821916685 640 360
155 PINHOLE 1280 720 929.43387120549403 930.42576291531998 640 360
154 PINHOLE 1280 720 928.32299509954646 928.29985513443978 640 360
153 PINHOLE 1280 720 928.76135917242846 929.59641757285237 640 360
152 PINHOLE 1280 720 927.93764580383527 928.00067180947349 640 360
151 PINHOLE 1280 720 928.61599989309877 928.31182521523135 640 360
150 PINHOLE 1280 720 928.30796440000177 927.45238889362247 640 360
149 PINHOLE 1280 720 927.80093496279619 927.4056524477503 640 360
148 PINHOLE 1280 720 925.29738374322949 923.99105337405888 640 360
147 PINHOLE 1280 720 926.66255592939081 927.01225978928858 640 360
146 PINHOLE 1280 720 926.39256689810679 925.87476049659494 640 360
145 PINHOLE 1280 720 926.42597550715868 925.8383560791458 640 360
144 PINHOLE 1280 720 927.13569287241432 926.51081624680444 640 360
143 PINHOLE 1280 720 927.64595479141087 928.15440301215642 640 360
142 PINHOLE 1280 720 928.48546265501204 929.32804422283516 640 360
141 PINHOLE 1280 720 927.37048143723678 928.38098667435406 640 360
140 PINHOLE 1280 720 931.76810319394815 930.93254954689417 640 360
139 PINHOLE 1280 720 927.69911742940599 928.90148163804304 640 360
138 PINHOLE 1280 720 928.29639122532785 928.29352624694593 640 360
137 PINHOLE 1280 720 927.42192504286049 928.32569581123278 640 360
136 PINHOLE 1280 720 926.14715598546195 924.4208207053623 640 360
135 PINHOLE 1280 720 928.8167491512196 930.6897848959884 640 360
134 PINHOLE 1280 720 930.65238675609191 931.24643200990442 640 360
133 PINHOLE 1280 720 930.81711781607385 928.93395446607281 640 360
132 PINHOLE 1280 720 928.83211149226611 930.46742480685634 640 360
131 PINHOLE 1280 720 928.83777399307689 930.16825034839303 640 360
130 PINHOLE 1280 720 928.02824232209286 929.17663266736713 640 360
129 PINHOLE 1280 720 926.25463708707059 926.30809794414358 640 360
128 PINHOLE 1280 720 928.84046319715355 929.56749114244928 640 360
59 PINHOLE 1280 720 928.79350199611838 929.59583436490186 640 360
58 PINHOLE 1280 720 928.27207159933243 930.02716100930911 640 360
57 PINHOLE 1280 720 927.45065603605292 927.39661123421581 640 360
56 PINHOLE 1280 720 930.85189239582098 931.99717810402967 640 360
55 PINHOLE 1280 720 929.42762568426167 930.78535749331184 640 360
54 PINHOLE 1280 720 929.21698083744786 929.79434998769614 640 360
53 PINHOLE 1280 720 929.66963350297226 930.57339940951397 640 360
52 PINHOLE 1280 720 929.1253573504182 929.17748374194423 640 360
51 PINHOLE 1280 720 928.47338466416033 927.61810060968105 640 360
50 PINHOLE 1280 720 928.19895546280884 927.71575520183239 640 360
49 PINHOLE 1280 720 928.34249374984165 926.68409768446179 640 360
48 PINHOLE 1280 720 927.58444947448322 925.44864859853203 640 360
47 PINHOLE 1280 720 926.63030972010506 925.93203923310193 640 360
46 PINHOLE 1280 720 927.47525272999917 926.06682048368737 640 360
45 PINHOLE 1280 720 931.13284290147863 930.16204689721383 640 360
44 PINHOLE 1280 720 931.63484075559631 930.74153556747535 640 360
43 PINHOLE 1280 720 926.67181092701571 925.087972277174 640 360
42 PINHOLE 1280 720 928.90310437427945 927.58438438690928 640 360
41 PINHOLE 1280 720 926.50771108533525 923.40412196386467 640 360
40 PINHOLE 1280 720 928.97106716420342 924.94348115350306 640 360
39 PINHOLE 1280 720 929.49218565456954 925.65585586696261 640 360
38 PINHOLE 1280 720 928.10485063415763 926.28468599869586 640 360
37 PINHOLE 1280 720 927.10441233412541 923.483554873054 640 360
36 PINHOLE 1280 720 926.95619234122455 923.59478902455351 640 360
35 PINHOLE 1280 720 926.84856317848721 927.04530497297526 640 360
34 PINHOLE 1280 720 925.64401296159224 924.09464885929117 640 360
33 PINHOLE 1280 720 926.9236362774634 924.37533066794128 640 360
32 PINHOLE 1280 720 925.02353341832202 921.77400533744037 640 360
31 PINHOLE 1280 720 918.32998380190861 916.81527687621588 640 360
30 PINHOLE 1280 720 924.86223741970184 918.50423946936144 640 360
13 PINHOLE 1280 720 930.07447956660178 930.2016165445242 640 360
12 PINHOLE 1280 720 929.79914069845165 930.14456122534318 640 360
11 PINHOLE 1280 720 929.38110998158641 930.48818093512909 640 360
10 PINHOLE 1280 720 928.6401128000897 931.17084270690316 640 360
9 PINHOLE 1280 720 928.68102105777893 930.08153649517601 640 360
8 PINHOLE 1280 720 928.47039550736133 929.81274267013498 640 360
7 PINHOLE 1280 720 928.37341668564432 929.05433203231496 640 360
6 PINHOLE 1280 720 928.85672026799807 929.35141968842754 640 360
5 PINHOLE 1280 720 928.76265098092188 929.16841568287589 640 360
4 PINHOLE 1280 720 929.53881369439205 930.2850565559196 640 360
3 PINHOLE 1280 720 928.94414335373131 929.68537512768773 640 360
2 PINHOLE 1280 720 932.7017361576319 934.91521629147724 640 360
1 PINHOLE 1280 720 932.7017361576319 934.91521629147712 640 360
14 PINHOLE 1280 720 929.82690900245052 930.63318628471893 640 360
15 PINHOLE 1280 720 929.90862106665872 929.96541144558319 640 360
16 PINHOLE 1280 720 933.23821151176492 931.68478503112999 640 360
17 PINHOLE 1280 720 936.32694449293103 934.16337360076 640 360
18 PINHOLE 1280 720 929.74839953384321 930.92649681259286 640 360
19 PINHOLE 1280 720 929.10360964345386 929.54373295611492 640 360
20 PINHOLE 1280 720 928.52931960872513 924.55847389380097 640 360
21 PINHOLE 1280 720 933.56438798703562 933.56060593416794 640 360
22 PINHOLE 1280 720 968.75567527475607 977.72535627509023 640 360
23 PINHOLE 1280 720 973.18741621256095 1019.5305686920971 640 360
24 PINHOLE 1280 720 991.40364068071199 981.67442148237058 640 360
25 PINHOLE 1280 720 922.49734121428116 915.63002659875144 640 360
26 PINHOLE 1280 720 921.75943268361482 915.70495369860203 640 360
27 PINHOLE 1280 720 918.29160970870544 910.95725662099369 640 360
28 PINHOLE 1280 720 924.73945273977495 916.23456149444144 640 360
29 PINHOLE 1280 720 920.95201522935611 915.70092995750315 640 360
60 PINHOLE 1280 720 929.08016400858617 929.14721116055887 640 360
61 PINHOLE 1280 720 929.33240491554716 930.25333488501042 640 360
62 PINHOLE 1280 720 928.96661946923575 930.45738340554556 640 360
63 PINHOLE 1280 720 929.45997098175428 930.29851338960452 640 360
64 PINHOLE 1280 720 929.20653975524681 929.88228970688158 640 360
65 PINHOLE 1280 720 928.99749813041296 930.10506314709528 640 360
66 PINHOLE 1280 720 928.33929626905399 930.6917045617397 640 360
67 PINHOLE 1280 720 927.73764905392136 930.93293840441891 640 360
68 PINHOLE 1280 720 930.53842045549334 933.9123006044922 640 360
69 PINHOLE 1280 720 926.25928371511782 927.74118650866001 640 360
70 PINHOLE 1280 720 936.61032796010306 933.76254601085088 640 360
71 PINHOLE 1280 720 932.66036654867105 932.47197122183172 640 360
72 PINHOLE 1280 720 933.81364781727962 934.28161926558198 640 360
73 PINHOLE 1280 720 930.22848577589605 931.29334260957205 640 360
74 PINHOLE 1280 720 929.19503103381624 930.77410627569225 640 360
75 PINHOLE 1280 720 929.54239627246375 931.1964502897016 640 360
76 PINHOLE 1280 720 929.70103137967203 930.40100687781614 640 360
77 PINHOLE 1280 720 930.44987705131769 930.77473272999976 640 360
78 PINHOLE 1280 720 930.19634579101614 931.38354498487081 640 360
79 PINHOLE 1280 720 931.41542663611267 932.1764260228091 640 360
80 PINHOLE 1280 720 931.13840129848234 930.8309088505298 640 360
81 PINHOLE 1280 720 935.17814032526712 936.93641644375225 640 360
82 PINHOLE 1280 720 930.20952264329151 930.32797606120982 640 360
83 PINHOLE 1280 720 926.00269300986395 927.18386677771605 640 360
84 PINHOLE 1280 720 937.15669929990463 936.72239118980065 640 360
85 PINHOLE 1280 720 932.3115929040315 932.37470305189174 640 360
86 PINHOLE 1280 720 931.11040125685383 930.51759501759807 640 360
87 PINHOLE 1280 720 929.21127413774491 927.75283737438724 640 360
88 PINHOLE 1280 720 929.42996511568447 927.58815132745349 640 360
89 PINHOLE 1280 720 929.55661574520843 925.451211811505 640 360
90 PINHOLE 1280 720 929.49301468338774 923.72227819305181 640 360
91 PINHOLE 1280 720 925.76737294301518 919.50730677055094 640 360
92 PINHOLE 1280 720 926.94450333708494 919.44788526167383 640 360
93 PINHOLE 1280 720 925.24552203970961 915.89665178234259 640 360
94 PINHOLE 1280 720 923.77089023901181 914.46100508474774 640 360
95 PINHOLE 1280 720 924.33713703181411 914.19871192476137 640 360
96 PINHOLE 1280 720 925.7166985169614 911.96442060696324 640 360
97 PINHOLE 1280 720 924.59522415235972 909.91660666182167 640 360
98 PINHOLE 1280 720 932.91632972077934 919.27197615471187 640 360
99 PINHOLE 1280 720 932.91632972077912 919.27197615471198 640 360
100 PINHOLE 1280 720 935.8240650882725 926.52147653315933 640 360
101 PINHOLE 1280 720 936.60949927152274 929.54450863660179 640 360
102 PINHOLE 1280 720 938.79805025145936 933.81850765662773 640 360
103 PINHOLE 1280 720 939.12038749782198 934.02034449190273 640 360
104 PINHOLE 1280 720 932.79126603427949 928.16418097321105 640 360
105 PINHOLE 1280 720 932.73910861039394 928.12750127089782 640 360
106 PINHOLE 1280 720 927.9524816885222 923.95203250804286 640 360
107 PINHOLE 1280 720 927.55128829814566 923.32345713012739 640 360
108 PINHOLE 1280 720 934.34182739138726 929.96120803839506 640 360
109 PINHOLE 1280 720 930.35836594855755 925.7662089113868 640 360
110 PINHOLE 1280 720 938.4748544196683 932.9223310657552 640 360
111 PINHOLE 1280 720 940.6829023992849 933.6559337391933 640 360
112 PINHOLE 1280 720 929.60593891073336 926.72147672475012 640 360
113 PINHOLE 1280 720 934.76992569737649 931.92674786126986 640 360
114 PINHOLE 1280 720 934.48692811321598 934.36390101802908 640 360
115 PINHOLE 1280 720 925.61293289776631 925.25408093675014 640 360
116 PINHOLE 1280 720 925.4313527126593 925.07253646906599 640 360
117 PINHOLE 1280 720 927.40160513022488 928.11506319245404 640 360
118 PINHOLE 1280 720 928.00053730103195 927.17722392299481 640 360
119 PINHOLE 1280 720 928.47306734998449 929.56254649966036 640 360
120 PINHOLE 1280 720 930.1145636084276 931.2859139289277 640 360
121 PINHOLE 1280 720 929.41481679847527 931.54637519294818 640 360
122 PINHOLE 1280 720 929.55830234849816 931.46485002514078 640 360
123 PINHOLE 1280 720 929.00338047102832 930.49542887626228 640 360
124 PINHOLE 1280 720 928.56518473320045 930.15962565129053 640 360
125 PINHOLE 1280 720 929.01208355049471 931.08780663128789 640 360
126 PINHOLE 1280 720 928.95364212092625 929.50639028182547 640 360
127 PINHOLE 1280 720 927.42144320707928 928.60124333100089 640 360
