# Camera list with one line of data per camera:
#   CAMERA_ID, MODEL, WIDTH, HEIGHT, PARAMS[]
# Number of cameras: 208
208 PINHOLE 1280 720 1026.293493069033 1030.4250268351855 640 360
207 PINHOLE 1280 720 919.97729853428268 919.3868732727359 640 360
206 PINHOLE 1280 720 928.92635120088687 926.56198021910018 640 360
205 PINHOLE 1280 720 925.37200857812979 926.29482223182856 640 360
204 PINHOLE 1280 720 459.38714663703183 456.06302934128604 640 360
203 PINHOLE 1280 720 459.38714663703189 456.06302934128604 640 360
202 PINHOLE 1280 720 459.38714663703189 456.0630293412861 640 360
201 PINHOLE 1280 720 457.33874431285824 453.67325903025312 640 360
200 PINHOLE 1280 720 456.94693236423819 453.78410761116845 640 360
199 PINHOLE 1280 720 455.64848193115762 452.23671565032276 640 360
198 PINHOLE 1280 720 453.36062219445824 450.4702839173604 640 360
197 PINHOLE 1280 720 455.70996357225067 452.43095189131679 640 360
196 PINHOLE 1280 720 452.20576057821603 448.37013474497752 640 360
195 PINHOLE 1280 720 451.54923819087372 449.21119025842194 640 360
194 PINHOLE 1280 720 452.72353327064144 449.89519044420956 640 360
193 PINHOLE 1280 720 451.81633311925481 449.42960219984775 640 360
192 PINHOLE 1280 720 451.01622218750538 448.7948326298104 640 360
191 PINHOLE 1280 720 451.01622218750538 448.7948326298104 640 360
190 PINHOLE 1280 720 451.01622218750538 448.7948326298104 640 360
189 PINHOLE 1280 720 448.94097774900717 448.20581436036508 640 360
188 PINHOLE 1280 720 448.31801417354205 447.42844886912263 640 360
187 PINHOLE 1280 720 448.32910878633203 447.58582507712271 640 360
186 PINHOLE 1280 720 446.47525262696138 445.97491399949212 640 360
185 PINHOLE 1280 720 448.67640480970744 448.28104892064266 640 360
184 PINHOLE 1280 720 445.34444694961138 444.07603387411638 640 360
183 PINHOLE 1280 720 447.63613611655848 447.16122874922979 640 360
182 PINHOLE 1280 720 448.15617563257916 448.25805307584352 640 360
181 PINHOLE 1280 720 447.79643587712587 447.94041667461306 640 360
180 PINHOLE 1280 720 448.54514870355911 449.0330393970022 640 360
179 PINHOLE 1280 720 448.54831613846579 448.98575626865812 640 360
178 PINHOLE 1280 720 448.38072014913843 449.16363430270508 640 360
177 PINHOLE 1280 720 448.35709675572082 449.03465039254718 640 360
176 PINHOLE 1280 720 448.53665133604636 449.83797026402186 640 360
175 PINHOLE 1280 720 448.31683830228695 448.58827080702855 640 360
174 PINHOLE 1280 720 448.73406173695707 449.61187646900476 640 360
173 PINHOLE 1280 720 448.89199907867311 449.87961022511416 640 360
172 PINHOLE 1280 720 449.11002917464941 450.34830874801753 640 360
171 PINHOLE 1280 720 449.08725951692333 449.52130086242835 640 360
170 PINHOLE 1280 720 448.91675366598145 449.76928894131123 640 360
169 PINHOLE 1280 720 448.79034655346868 449.5782622618292 640 360
168 PINHOLE 1280 720 449.46551475724885 450.7326210510551 640 360
167 PINHOLE 1280 720 448.69427476573378 450.70399205073431 640 360
166 PINHOLE 1280 720 449.39441574632212 450.63924879008999 640 360
165 PINHOLE 1280 720 449.34944055089142 450.08580253372338 640 360
164 PINHOLE 1280 720 449.63216839829875 451.30217698643474 640 360
163 PINHOLE 1280 720 449.69080234156041 450.83700083805451 640 360
162 PINHOLE 1280 720 450.27828538080195 450.74138321628135 640 360
161 PINHOLE 1280 720 450.45333968586317 451.05435013986056 640 360
160 PINHOLE 1280 720 451.29589075152069 451.1993306870587 640 360
159 PINHOLE 1280 720 451.2874992093744 451.89225801091254 640 360
158 PINHOLE 1280 720 451.58640849904032 452.47578865787341 640 360
157 PINHOLE 1280 720 451.5433455593473 451.6234358743211 640 360
156 PINHOLE 1280 720 451.22053988503382 452.64358856123664 640 360
155 PINHOLE 1280 720 451.4390749201275 453.03819421237449 640 360
154 PINHOLE 1280 720 451.12851088722675 452.75319916140398 640 360
153 PINHOLE 1280 720 451.49865253717684 453.16430004941105 640 360
152 PINHOLE 1280 720 452.37874345826771 454.01962694353961 640 360
151 PINHOLE 1280 720 452.69814670346756 454.43392672814826 640 360
150 PINHOLE 1280 720 453.06827898490798 454.67953070294567 640 360
149 PINHOLE 1280 720 454.31792685720529 456.36720104445214 640 360
148 PINHOLE 1280 720 455.09753269014817 457.05797978485396 640 360
147 PINHOLE 1280 720 454.54515435803557 456.85973333296903 640 360
146 PINHOLE 1280 720 454.06156957373059 455.74758096517792 640 360
145 PINHOLE 1280 720 454.07868990581431 456.99096653086389 640 360
144 PINHOLE 1280 720 457.4906636279793 460.61695509485929 640 360
143 PINHOLE 1280 720 426.05730702548692 422.08297856718485 640 360
142 PINHOLE 1280 720 423.22701062121502 415.8155050246217 640 360
141 PINHOLE 1280 720 445.36328883198166 445.72432186699956 640 360
140 PINHOLE 1280 720 448.01397345115004 450.42590989784907 640 360
139 PINHOLE 1280 720 449.08064881661301 449.56538830306687 640 360
138 PINHOLE 1280 720 448.74482829576226 449.26552036822443 640 360
137 PINHOLE 1280 720 448.32558793989392 448.7162466861202 640 360
136 PINHOLE 1280 720 448.59320758489309 448.72800363360727 640 360
135 PINHOLE 1280 720 448.29284879079228 448.9050553676048 640 360
134 PINHOLE 1280 720 448.3396160381393 448.50546583530479 640 360
133 PINHOLE 1280 720 448.96521214569708 449.90689240647453 640 360
132 PINHOLE 1280 720 448.53107679188417 448.59653814821189 640 360
131 PINHOLE 1280 720 448.64281397110068 448.70991398128803 640 360
130 PINHOLE 1280 720 448.07770910018189 448.45216837271056 640 360
129 PINHOLE 1280 720 448.61594680617446 448.83428315483081 640 360
128 PINHOLE 1280 720 448.55026215415057 449.08319074406057 640 360
59 PINHOLE 1280 720 447.98519933795052 448.45225652577625 640 360
58 PINHOLE 1280 720 447.65192414688727 447.72904632755353 640 360
57 PINHOLE 1280 720 447.65192414688727 447.72904632755348 640 360
56 PINHOLE 1280 720 447.44943254556529 448.05516229462108 640 360
55 PINHOLE 1280 720 447.07123953735208 447.35979051398294 640 360
54 PINHOLE 1280 720 448.01382302253313 448.60499083547666 640 360
53 PINHOLE 1280 720 447.91355774473584 448.42534331189921 640 360
52 PINHOLE 1280 720 447.82677108225755 448.25122964735743 640 360
51 PINHOLE 1280 720 447.96551345662613 448.24327472379912 640 360
50 PINHOLE 1280 720 448.18266794749371 448.64023188797103 640 360
49 PINHOLE 1280 720 447.69097536417149 448.1128579759644 640 360
48 PINHOLE 1280 720 448.37978498312481 447.84106335989287 640 360
47 PINHOLE 1280 720 448.83850938972665 447.82494969325791 640 360
46 PINHOLE 1280 720 447.69061084774779 447.34812145400184 640 360
45 PINHOLE 1280 720 447.43372160597005 447.36146353728537 640 360
44 PINHOLE 1280 720 447.5891097665916 447.03481917353577 640 360
43 PINHOLE 1280 720 446.96027659464721 446.36057239637682 640 360
42 PINHOLE 1280 720 447.67552419540806 447.16903409303234 640 360
41 PINHOLE 1280 720 447.21371230624254 447.07378183755878 640 360
40 PINHOLE 1280 720 448.43157033383551 448.41567445873147 640 360
39 PINHOLE 1280 720 448.09249974510931 447.55231358109813 640 360
38 PINHOLE 1280 720 447.66371805214055 446.82599622559724 640 360
37 PINHOLE 1280 720 447.15976764471742 446.18995695962997 640 360
36 PINHOLE 1280 720 446.4698584849545 445.07925754345729 640 360
35 PINHOLE 1280 720 446.26780636459853 444.65758832691074 640 360
34 PINHOLE 1280 720 445.6811973134146 444.65056666313382 640 360
33 PINHOLE 1280 720 445.53868423902071 444.19104480183972 640 360
32 PINHOLE 1280 720 445.64816295607955 443.42583553603276 640 360
31 PINHOLE 1280 720 448.0114004880748 446.92697354466861 640 360
30 PINHOLE 1280 720 449.88192692031964 447.87310467779173 640 360
13 PINHOLE 1280 720 448.1588464956252 447.93894178899865 640 360
12 PINHOLE 1280 720 448.62542105683599 448.20980431780868 640 360
11 PINHOLE 1280 720 448.46823075107233 448.04289268453192 640 360
10 PINHOLE 1280 720 448.8435876084759 448.5668484203664 640 360
9 PINHOLE 1280 720 448.87297663482036 447.92464166409405 640 360
8 PINHOLE 1280 720 448.55883918424234 448.10880612908244 640 360
7 PINHOLE 1280 720 449.17717843192929 448.33092206378694 640 360
6 PINHOLE 1280 720 448.65067870630668 447.79820600684445 640 360
5 PINHOLE 1280 720 449.48224088859376 448.25934146859788 640 360
4 PINHOLE 1280 720 449.1015204629756 449.35220255681713 640 360
3 PINHOLE 1280 720 449.72224372753897 449.27698907655832 640 360
2 PINHOLE 1280 720 448.76226884057536 448.7691834857693 640 360
1 PINHOLE 1280 720 448.76226884057536 448.7691834857693 640 360
14 PINHOLE 1280 720 448.31633679192447 447.8809621833035 640 360
15 PINHOLE 1280 720 447.38483292882876 446.51863029300642 640 360
16 PINHOLE 1280 720 445.03697424630764 445.03075453252183 640 360
17 PINHOLE 1280 720 442.30552732563871 444.29975313600249 640 360
18 PINHOLE 1280 720 444.60706477739143 443.84163575132141 640 360
19 PINHOLE 1280 720 439.15350207006412 439.72342236529391 640 360
20 PINHOLE 1280 720 434.36452179999759 435.3737687384326 640 360
21 PINHOLE 1280 720 441.16974836964823 441.26951454108934 640 360
22 PINHOLE 1280 720 443.09668139455584 441.76958613266885 640 360
23 PINHOLE 1280 720 445.57138582293379 444.15290133690223 640 360
24 PINHOLE 1280 720 445.57138582293373 444.15290133690195 640 360
25 PINHOLE 1280 720 445.34589104785073 443.77830111709068 640 360
26 PINHOLE 1280 720 449.32844853620526 446.12043804459842 640 360
27 PINHOLE 1280 720 448.30824587230967 445.57365814990311 640 360
28 PINHOLE 1280 720 446.30573937837266 442.31791897691443 640 360
29 PINHOLE 1280 720 446.20757861976904 442.84623165824399 640 360
60 PINHOLE 1280 720 447.92820111244976 448.46709907475349 640 360
61 PINHOLE 1280 720 447.54765006095857 448.21932670681917 640 360
62 PINHOLE 1280 720 447.42477265046705 448.36121063629383 640 360
63 PINHOLE 1280 720 447.75119437413213 448.29533343608608 640 360
64 PINHOLE 1280 720 447.29640437835093 448.14126859043989 640 360
65 PINHOLE 1280 720 447.74723435074327 448.63181451099638 640 360
66 PINHOLE 1280 720 447.28538106485126 448.05944938765253 640 360
67 PINHOLE 1280 720 447.51320047466464 448.24347795462887 640 360
68 PINHOLE 1280 720 447.18413788413238 447.92539542427488 640 360
69 PINHOLE 1280 720 447.08209341486992 447.65616104347617 640 360
70 PINHOLE 1280 720 446.84696470011124 447.69264210387206 640 360
71 PINHOLE 1280 720 448.39759904968457 448.69081236603068 640 360
72 PINHOLE 1280 720 448.16903241384421 447.91511840020235 640 360
73 PINHOLE 1280 720 448.53026215710469 448.55472323747523 640 360
74 PINHOLE 1280 720 445.37895283270484 445.91790219833319 640 360
75 PINHOLE 1280 720 447.40842684350548 447.69469199198647 640 360
76 PINHOLE 1280 720 447.92047783390433 448.05794366243236 640 360
77 PINHOLE 1280 720 447.14708688629213 447.20146187914406 640 360
78 PINHOLE 1280 720 448.42033308301046 448.44470417853074 640 360
79 PINHOLE 1280 720 448.45340696231716 448.61923789720839 640 360
80 PINHOLE 1280 720 448.36568838254448 447.72198542703961 640 360
81 PINHOLE 1280 720 447.82925829157148 447.22219390124371 640 360
82 PINHOLE 1280 720 448.85493672705206 448.41957567448674 640 360
83 PINHOLE 1280 720 448.9476323398535 448.86617812684852 640 360
84 PINHOLE 1280 720 448.71664182347712 448.58979893529664 640 360
85 PINHOLE 1280 720 449.81185509566808 448.98070074087195 640 360
86 PINHOLE 1280 720 449.38027636806783 450.0903768030833 640 360
87 PINHOLE 1280 720 449.02637416241976 449.44084133603167 640 360
88 PINHOLE 1280 720 449.8138619421108 449.30589040501962 640 360
89 PINHOLE 1280 720 449.66932211412444 448.92901153627918 640 360
90 PINHOLE 1280 720 449.65222933636136 449.19592177382157 640 360
91 PINHOLE 1280 720 450.73306931214728 449.83830189747778 640 360
92 PINHOLE 1280 720 450.32934217467931 448.87258710195385 640 360
93 PINHOLE 1280 720 450.38498053136522 447.95698720134652 640 360
94 PINHOLE 1280 720 450.7330687529672 448.11959297054943 640 360
95 PINHOLE 1280 720 451.56477470393111 447.25342056545736 640 360
96 PINHOLE 1280 720 451.55777036638125 446.65855613456398 640 360
97 PINHOLE 1280 720 451.55777036638131 446.65855613456375 640 360
98 PINHOLE 1280 720 452.68371979600238 448.13670014041639 640 360
99 PINHOLE 1280 720 452.37248197919467 447.61074819591738 640 360
100 PINHOLE 1280 720 451.1435273160813 445.35204439672486 640 360
101 PINHOLE 1280 720 448.86786729858346 444.0336517502833 640 360
102 PINHOLE 1280 720 450.92876965808472 445.29890571653306 640 360
103 PINHOLE 1280 720 449.76787123198687 445.84573413872232 640 360
104 PINHOLE 1280 720 448.89513058752607 444.08349802438079 640 360
105 PINHOLE 1280 720 446.73254713301395 442.0965011459495 640 360
106 PINHOLE 1280 720 442.67804712848221 440.87045552980595 640 360
107 PINHOLE 1280 720 459.47719092205733 447.32453135469086 640 360
108 PINHOLE 1280 720 458.56147610045048 448.86731848308608 640 360
109 PINHOLE 1280 720 457.43157950359222 447.72576591545777 640 360
110 PINHOLE 1280 720 456.12592659653336 449.71800286938276 640 360
111 PINHOLE 1280 720 456.46320144498668 450.59913764947436 640 360
112 PINHOLE 1280 720 456.97228868928744 450.1721118930065 640 360
113 PINHOLE 1280 720 454.11060761184626 447.80236095349483 640 360
114 PINHOLE 1280 720 450.98439624926959 446.383180455385 640 360
115 PINHOLE 1280 720 450.40657578179793 449.48869655780589 640 360
116 PINHOLE 1280 720 449.03543371280745 449.84736096045384 640 360
117 PINHOLE 1280 720 449.16352562384759 450.38807536763164 640 360
118 PINHOLE 1280 720 449.03004327099461 451.36710745107354 640 360
119 PINHOLE 1280 720 448.88160632396648 450.28047646830078 640 360
120 PINHOLE 1280 720 448.57401343217379 450.35945767676901 640 360
121 PINHOLE 1280 720 448.06753020372565 450.84089124954176 640 360
122 PINHOLE 1280 720 448.89873842260647 451.4570487589562 640 360
123 PINHOLE 1280 720 449.51309445173149 451.95791087942473 640 360
124 PINHOLE 1280 720 449.7662642850936 452.35510527371173 640 360
125 PINHOLE 1280 720 449.31973044904908 450.71335802888444 640 360
126 PINHOLE 1280 720 449.9486506407714 451.4934930402099 640 360
127 PINHOLE 1280 720 448.37837676201207 449.30927136734005 640 360
