# Camera list with one line of data per camera:
#   CAMERA_ID, MODEL, WIDTH, HEIGHT, PARAMS[]
# Number of cameras: 23
141 PINHOLE 1280 720 783.01644452190033 696.17473150714682 640 360
140 PINHOLE 1280 720 818.11518005123787 641.96756344789833 640 360
139 PINHOLE 1280 720 779.57440114584983 582.30847047433701 640 360
138 PINHOLE 1280 720 752.21756318099335 558.07399648651619 640 360
137 PINHOLE 1280 720 718.8703676849924 539.28069424756836 640 360
136 PINHOLE 1280 720 699.86050567155303 524.63377298408909 640 360
135 PINHOLE 1280 720 690.23685797311362 512.95551752843153 640 360
131 PINHOLE 1280 720 681.40084711926852 503.4029905215541 640 360
130 PINHOLE 1280 720 686.55725722011687 508.76530449632247 640 360
129 PINHOLE 1280 720 692.07695755328609 513.82643902098789 640 360
116 PINHOLE 1280 720 4800.072583505279 3078.0611314685489 640 360
117 PINHOLE 1280 720 2773.7121615316755 1859.209504325328 640 360
118 PINHOLE 1280 720 1832.2686077347876 1311.9322572620329 640 360
119 PINHOLE 1280 720 1390.7310875049013 1028.270785680603 640 360
120 PINHOLE 1280 720 1147.6859557864366 864.20119772646194 640 360
121 PINHOLE 1280 720 990.52716974000771 756.9705278691506 640 360
122 PINHOLE 1280 720 895.62694857781071 686.29970798582315 640 360
123 PINHOLE 1280 720 825.33347828248782 634.70503293518846 640 360
124 PINHOLE 1280 720 786.92807330519975 599.07327322511617 640 360
125 PINHOLE 1280 720 759.3699535111698 570.38641606357805 640 360
126 PINHOLE 1280 720 726.29324612217169 546.92644949235171 640 360
127 PINHOLE 1280 720 725.83632756647273 528.30428202859821 640 360
128 PINHOLE 1280 720 705.0257123554527 521.29506520266614 640 360
