# Camera list with one line of data per camera:
#   CAMERA_ID, MODEL, WIDTH, HEIGHT, PARAMS[]
# Number of cameras: 29
100 PINHOLE 1280 720 540.77101484279956 529.05241575711443 640 360
99 PINHOLE 1280 720 537.55057492351068 526.08922292848933 640 360
98 PINHOLE 1280 720 536.52468175300294 525.33003691133808 640 360
97 PINHOLE 1280 720 536.59077389775871 525.69649483583953 640 360
96 PINHOLE 1280 720 536.16117538512583 525.32336702227849 640 360
95 PINHOLE 1280 720 536.40076869908921 525.72502247703801 640 360
94 PINHOLE 1280 720 536.62657987124169 527.84560289158549 640 360
93 PINHOLE 1280 720 535.84297921725033 529.2376784338478 640 360
92 PINHOLE 1280 720 536.3164510702004 530.29399727955649 640 360
91 PINHOLE 1280 720 536.31695382549537 531.78977736701688 640 360
90 PINHOLE 1280 720 536.10420310933739 531.91256329280873 640 360
89 PINHOLE 1280 720 537.03175319583818 534.36237648194174 640 360
88 PINHOLE 1280 720 536.81804641605163 534.22252154679256 640 360
87 PINHOLE 1280 720 537.69353817836941 536.93280372961135 640 360
86 PINHOLE 1280 720 537.91615009310397 538.08871256698569 640 360
85 PINHOLE 1280 720 537.68901183843013 538.33658665614769 640 360
72 PINHOLE 1280 720 538.64041232809905 539.10056433060208 640 360
73 PINHOLE 1280 720 539.42665412834663 540.20122326009653 640 360
74 PINHOLE 1280 720 539.99090791806691 540.91659038353521 640 360
75 PINHOLE 1280 720 538.87575808573615 540.28280985977494 640 360
76 PINHOLE 1280 720 538.03916472011849 539.64456954887851 640 360
77 PINHOLE 1280 720 537.29889162348968 538.66128129757362 640 360
78 PINHOLE 1280 720 537.34782978751718 538.64090476875674 640 360
79 PINHOLE 1280 720 537.56395558163672 539.49980036353918 640 360
80 PINHOLE 1280 720 537.33927711717888 538.95875353905922 640 360
81 PINHOLE 1280 720 540.94763958826172 543.84335848886235 640 360
82 PINHOLE 1280 720 537.30807866519956 538.59174457862684 640 360
83 PINHOLE 1280 720 538.58448164154959 540.40591771702282 640 360
84 PINHOLE 1280 720 538.31419996866146 540.0501151447412 640 360
