# Camera list with one line of data per camera:
#   CAMERA_ID, MODEL, WIDTH, HEIGHT, PARAMS[]
# Number of cameras: 208
208 PINHOLE 1280 720 338.20822458937056 338.06047742829315 640 360
207 PINHOLE 1280 720 916.62070357510424 915.759610590291 640 360
206 PINHOLE 1280 720 925.84386491497878 924.83275071479238 640 360
205 PINHOLE 1280 720 929.96443959681335 930.2099598658649 640 360
204 PINHOLE 1280 720 746.31843673721744 739.9165052678668 640 360
203 PINHOLE 1280 720 747.41007805414267 740.67305775812918 640 360
202 PINHOLE 1280 720 747.64760211765042 741.30311493825536 640 360
201 PINHOLE 1280 720 749.7622069357277 743.34070318639806 640 360
200 PINHOLE 1280 720 748.66847651980027 743.06328844374877 640 360
199 PINHOLE 1280 720 752.01063723775042 746.12944251100919 640 360
198 PINHOLE 1280 720 749.07624464614423 742.92028487107405 640 360
197 PINHOLE 1280 720 753.3927526278369 748.15626713760207 640 360
196 PINHOLE 1280 720 756.35944722160264 751.16609376009546 640 360
195 PINHOLE 1280 720 754.15466841675209 749.99267239504104 640 360
194 PINHOLE 1280 720 755.50884184351264 750.19100328392574 640 360
193 PINHOLE 1280 720 761.54180721467844 757.20668839586483 640 360
192 PINHOLE 1280 720 760.13871392564431 756.3317464887773 640 360
191 PINHOLE 1280 720 761.29553324396204 757.12886631517006 640 360
190 PINHOLE 1280 720 760.64170162341861 757.73176442455406 640 360
189 PINHOLE 1280 720 759.40110387134416 756.3778417300598 640 360
188 PINHOLE 1280 720 763.97052308352158 759.99708424285052 640 360
187 PINHOLE 1280 720 762.25244021892672 758.85742096663193 640 360
186 PINHOLE 1280 720 762.61762415625071 759.83217683992609 640 360
185 PINHOLE 1280 720 762.11716088835124 759.81753836597818 640 360
184 PINHOLE 1280 720 763.23613426120812 761.45350211446134 640 360
183 PINHOLE 1280 720 760.80872989376303 759.94071404771444 640 360
182 PINHOLE 1280 720 760.38070215752168 760.24809579831515 640 360
181 PINHOLE 1280 720 762.25657842664111 762.16958958160546 640 360
180 PINHOLE 1280 720 761.85042153913548 762.69476843697907 640 360
179 PINHOLE 1280 720 760.27657162345668 759.91561972353509 640 360
178 PINHOLE 1280 720 762.17818718157571 762.30166109683023 640 360
177 PINHOLE 1280 720 763.28095058583801 763.73322583175457 640 360
176 PINHOLE 1280 720 762.83084122118544 763.34931648490078 640 360
175 PINHOLE 1280 720 763.6633964546329 765.01297339510836 640 360
174 PINHOLE 1280 720 764.01458076420715 765.3260595145864 640 360
173 PINHOLE 1280 720 764.05132987927436 765.73419041459181 640 360
172 PINHOLE 1280 720 764.33920445459069 766.17104486612266 640 360
171 PINHOLE 1280 720 765.15690063025249 767.25677140520463 640 360
170 PINHOLE 1280 720 765.14062972165334 766.38947236982517 640 360
169 PINHOLE 1280 720 764.32314755144694 764.60601855207335 640 360
168 PINHOLE 1280 720 764.71805094296064 765.31322624320353 640 360
167 PINHOLE 1280 720 764.17214321192102 764.39779594975926 640 360
166 PINHOLE 1280 720 764.16616805915623 764.60484580173954 640 360
165 PINHOLE 1280 720 766.79829050788203 767.97466641882022 640 360
164 PINHOLE 1280 720 767.4233255794295 767.67466692042649 640 360
163 PINHOLE 1280 720 767.65789090541841 767.43807433033612 640 360
162 PINHOLE 1280 720 767.13473906772288 766.74522415173305 640 360
161 PINHOLE 1280 720 766.23813928582342 765.65714956863383 640 360
160 PINHOLE 1280 720 766.86293239204929 766.03199226192282 640 360
159 PINHOLE 1280 720 767.26556059046504 766.66498589999992 640 360
158 PINHOLE 1280 720 767.52341325144084 765.9130838809798 640 360
157 PINHOLE 1280 720 766.71726524160681 764.74846007241808 640 360
156 PINHOLE 1280 720 767.02394864866756 764.88507684128251 640 360
155 PINHOLE 1280 720 766.42431072247916 764.64745786155174 640 360
154 PINHOLE 1280 720 766.16806060209524 764.68110362887353 640 360
153 PINHOLE 1280 720 766.0820814124753 764.51469348523949 640 360
152 PINHOLE 1280 720 766.51938294649301 765.24632252158244 640 360
151 PINHOLE 1280 720 766.79072234040359 765.15605096006925 640 360
150 PINHOLE 1280 720 767.50691352809145 765.77924160595342 640 360
149 PINHOLE 1280 720 767.42226766917122 766.1100442202827 640 360
148 PINHOLE 1280 720 766.00963368455041 764.15357318451311 640 360
147 PINHOLE 1280 720 767.38821701079314 765.8368882220467 640 360
146 PINHOLE 1280 720 768.68914399476239 765.13928673361443 640 360
145 PINHOLE 1280 720 767.84739314279238 763.37797829422357 640 360
144 PINHOLE 1280 720 768.33142403623378 765.69674708891387 640 360
143 PINHOLE 1280 720 768.78697001111209 765.53059161116914 640 360
142 PINHOLE 1280 720 768.98044666443025 765.54613128731194 640 360
141 PINHOLE 1280 720 767.89098675470984 765.58913323999923 640 360
140 PINHOLE 1280 720 773.98565489972555 772.5820111126003 640 360
139 PINHOLE 1280 720 767.55804388888942 763.47904315220751 640 360
138 PINHOLE 1280 720 765.41699341434492 762.12258887348514 640 360
137 PINHOLE 1280 720 763.91898742118815 758.93500860424956 640 360
136 PINHOLE 1280 720 763.57694027566004 755.91909385325664 640 360
135 PINHOLE 1280 720 763.73266700395993 756.43404900376106 640 360
134 PINHOLE 1280 720 764.03613307038279 757.02337917503962 640 360
133 PINHOLE 1280 720 765.95367339962138 757.89850547408844 640 360
132 PINHOLE 1280 720 765.53376799315618 756.41004594125218 640 360
131 PINHOLE 1280 720 767.67007533007882 757.7308513031943 640 360
130 PINHOLE 1280 720 765.08727242966256 755.25406746287717 640 360
129 PINHOLE 1280 720 764.11798910759796 757.70520962855619 640 360
128 PINHOLE 1280 720 764.04606448992081 759.26167757097846 640 360
59 PINHOLE 1280 720 762.81191100184242 763.44234602963866 640 360
58 PINHOLE 1280 720 762.78572008843423 763.2978830794259 640 360
57 PINHOLE 1280 720 762.77755777972527 764.19406654885177 640 360
56 PINHOLE 1280 720 768.91709219158327 774.73986945405773 640 360
55 PINHOLE 1280 720 762.43091012920809 762.59246109329433 640 360
54 PINHOLE 1280 720 762.67149404283464 762.70086851333554 640 360
53 PINHOLE 1280 720 762.46558814612752 762.06918019807529 640 360
52 PINHOLE 1280 720 761.64172391757097 761.74253369250391 640 360
51 PINHOLE 1280 720 761.35185522915231 761.65001938806529 640 360
50 PINHOLE 1280 720 761.65159006652402 761.6091369810498 640 360
49 PINHOLE 1280 720 763.97059737012262 761.82394807039304 640 360
48 PINHOLE 1280 720 762.57748269264869 761.76881485620322 640 360
47 PINHOLE 1280 720 762.47463841394494 760.88686815558185 640 360
46 PINHOLE 1280 720 762.40635921778971 760.46248182080308 640 360
45 PINHOLE 1280 720 762.60085521447354 760.64435527331079 640 360
44 PINHOLE 1280 720 761.37681372253564 759.3789151200798 640 360
43 PINHOLE 1280 720 762.22455071951606 759.68966336572396 640 360
42 PINHOLE 1280 720 762.1631645102741 758.51665796042266 640 360
41 PINHOLE 1280 720 761.06607896071455 757.86870798658128 640 360
40 PINHOLE 1280 720 761.14980606224867 758.25542561857287 640 360
39 PINHOLE 1280 720 762.11194928122563 758.3776784885506 640 360
38 PINHOLE 1280 720 760.68327564311915 757.30193842365213 640 360
37 PINHOLE 1280 720 761.28397494229546 761.20162968716102 640 360
36 PINHOLE 1280 720 761.75327147590792 760.11252985496742 640 360
35 PINHOLE 1280 720 760.59604756716828 758.6322625017018 640 360
34 PINHOLE 1280 720 761.07507316886961 757.93081821982821 640 360
33 PINHOLE 1280 720 759.95436374853693 759.19446807722034 640 360
32 PINHOLE 1280 720 757.75849399122774 758.1709464986377 640 360
31 PINHOLE 1280 720 758.63034582982539 759.70201402476425 640 360
30 PINHOLE 1280 720 755.99678003100485 754.21631875953972 640 360
13 PINHOLE 1280 720 760.8284300698341 759.62532481936194 640 360
12 PINHOLE 1280 720 761.17110388706726 759.53075491455741 640 360
11 PINHOLE 1280 720 760.45770551421833 760.01262100515328 640 360
10 PINHOLE 1280 720 761.03503311532438 760.31086876870779 640 360
9 PINHOLE 1280 720 760.69118926232829 760.56157418701241 640 360
8 PINHOLE 1280 720 760.15434665390626 759.76806261258128 640 360
7 PINHOLE 1280 720 760.7023979245871 760.35057170010839 640 360
6 PINHOLE 1280 720 761.18462598823203 760.62211314993613 640 360
5 PINHOLE 1280 720 760.98935011166316 760.72157893595397 640 360
4 PINHOLE 1280 720 760.74814454831403 760.74132529625751 640 360
3 PINHOLE 1280 720 760.39952849274562 760.98664242390396 640 360
2 PINHOLE 1280 720 762.16641027403523 763.49521729713206 640 360
1 PINHOLE 1280 720 762.16641027403546 763.4952172971316 640 360
14 PINHOLE 1280 720 760.13128452325168 759.97187622013257 640 360
15 PINHOLE 1280 720 759.11115574159669 759.19778647111082 640 360
16 PINHOLE 1280 720 758.73181425011296 757.551236132658 640 360
17 PINHOLE 1280 720 763.26485424661871 759.81244919297694 640 360
18 PINHOLE 1280 720 761.1158710436589 759.29269545898944 640 360
19 PINHOLE 1280 720 756.75553156783462 755.27184377060053 640 360
20 PINHOLE 1280 720 762.99191233304316 760.06135055655795 640 360
21 PINHOLE 1280 720 759.66886196212431 755.90189900799783 640 360
22 PINHOLE 1280 720 766.05137960817922 762.26574609073555 640 360
23 PINHOLE 1280 720 759.91850074689137 754.49256852872213 640 360
24 PINHOLE 1280 720 760.16392422242052 754.60268180299659 640 360
25 PINHOLE 1280 720 761.42860862456257 754.83801660309678 640 360
26 PINHOLE 1280 720 759.60239507155245 753.27945752455184 640 360
27 PINHOLE 1280 720 756.26715765523159 752.60403762298438 640 360
28 PINHOLE 1280 720 762.14904848579749 755.96495332488337 640 360
29 PINHOLE 1280 720 758.84754060908062 756.01139012177578 640 360
60 PINHOLE 1280 720 762.88414854700852 763.23964133587845 640 360
61 PINHOLE 1280 720 762.46941564324391 762.85973055409499 640 360
62 PINHOLE 1280 720 762.97046211603413 763.02948207511236 640 360
63 PINHOLE 1280 720 762.49192633014275 762.07720542597633 640 360
64 PINHOLE 1280 720 762.39290175378392 761.24699411455333 640 360
65 PINHOLE 1280 720 762.45243767033571 762.51210861927154 640 360
66 PINHOLE 1280 720 761.76421643400272 762.46393014198986 640 360
67 PINHOLE 1280 720 762.50430283689968 762.80766190840563 640 360
68 PINHOLE 1280 720 761.36340982253159 762.15614183926255 640 360
69 PINHOLE 1280 720 763.91412653737871 765.00430553653973 640 360
70 PINHOLE 1280 720 763.86210636950875 765.71007391872422 640 360
71 PINHOLE 1280 720 764.56472731374515 764.81067666997535 640 360
72 PINHOLE 1280 720 762.02795863773906 762.40314718250545 640 360
73 PINHOLE 1280 720 760.8033087818925 762.19154940116982 640 360
74 PINHOLE 1280 720 762.46022660224503 762.72548770364233 640 360
75 PINHOLE 1280 720 764.02316043367625 765.32740156515524 640 360
76 PINHOLE 1280 720 763.15613398821415 764.77502066473107 640 360
77 PINHOLE 1280 720 763.39768192191104 763.1497945504525 640 360
78 PINHOLE 1280 720 763.9207573354729 764.74952836147509 640 360
79 PINHOLE 1280 720 763.96359745591974 765.71773634284796 640 360
80 PINHOLE 1280 720 763.96351271680624 765.71781763565389 640 360
81 PINHOLE 1280 720 763.96276882761777 766.50934273914743 640 360
82 PINHOLE 1280 720 763.44144785332855 764.47869640789463 640 360
83 PINHOLE 1280 720 766.41550500966264 769.4669672846419 640 360
84 PINHOLE 1280 720 764.68888620664416 765.28885161728397 640 360
85 PINHOLE 1280 720 763.34572847942286 764.06961747315563 640 360
86 PINHOLE 1280 720 763.44152423465675 763.94012078056642 640 360
87 PINHOLE 1280 720 762.69799220780044 761.96870974707883 640 360
88 PINHOLE 1280 720 762.41799969650344 760.72522228893922 640 360
89 PINHOLE 1280 720 763.82823573924315 761.69194525455748 640 360
90 PINHOLE 1280 720 764.37533523560876 759.19961399682973 640 360
91 PINHOLE 1280 720 765.20261654375929 762.39022091422066 640 360
92 PINHOLE 1280 720 764.9172014714884 761.45711191834243 640 360
93 PINHOLE 1280 720 763.18380192693985 758.85717286677664 640 360
94 PINHOLE 1280 720 762.15983422020065 756.69475690705758 640 360
95 PINHOLE 1280 720 762.81614588099376 758.05863713953306 640 360
96 PINHOLE 1280 720 764.52706124049917 760.03620501832881 640 360
97 PINHOLE 1280 720 762.77759999757859 758.9384689742501 640 360
98 PINHOLE 1280 720 764.45819030642213 758.69873886538403 640 360
99 PINHOLE 1280 720 765.53334186389031 758.97153003327674 640 360
100 PINHOLE 1280 720 774.7011668214061 767.69029465784843 640 360
101 PINHOLE 1280 720 769.01000745543877 762.88251044549929 640 360
102 PINHOLE 1280 720 737.44628551276082 730.63385518720679 640 360
103 PINHOLE 1280 720 747.7987391779352 741.60056016116766 640 360
104 PINHOLE 1280 720 750.49420609963147 746.03560277153474 640 360
105 PINHOLE 1280 720 755.86137072104532 750.54241684016722 640 360
106 PINHOLE 1280 720 756.20490941218213 750.38709349197848 640 360
107 PINHOLE 1280 720 759.89993335014242 752.94822418177284 640 360
108 PINHOLE 1280 720 766.40500358393501 759.83347982735631 640 360
109 PINHOLE 1280 720 766.40365910776916 759.83176876878383 640 360
110 PINHOLE 1280 720 765.25828852577001 759.94582399321541 640 360
111 PINHOLE 1280 720 764.45253777308972 760.5425516114941 640 360
112 PINHOLE 1280 720 766.2443256708998 763.1148562238925 640 360
113 PINHOLE 1280 720 766.78223098099409 765.45141522951985 640 360
114 PINHOLE 1280 720 731.90567284117083 737.71467941915614 640 360
115 PINHOLE 1280 720 774.94507994682976 773.7316652816877 640 360
116 PINHOLE 1280 720 825.21965492466086 816.93915787600565 640 360
117 PINHOLE 1280 720 783.74652873476896 782.04156168112047 640 360
118 PINHOLE 1280 720 801.38151131552161 805.45377795503521 640 360
119 PINHOLE 1280 720 776.4890186689239 779.76504118552896 640 360
120 PINHOLE 1280 720 774.75018716715863 780.94247945562972 640 360
121 PINHOLE 1280 720 780.92163113151616 788.34084040869152 640 360
122 PINHOLE 1280 720 773.43890404443118 777.45960098536989 640 360
123 PINHOLE 1280 720 778.7184267722921 783.36611036740533 640 360
124 PINHOLE 1280 720 772.63860288944181 775.59873389957158 640 360
125 PINHOLE 1280 720 771.8037966811205 772.04157509577135 640 360
126 PINHOLE 1280 720 767.62170577883239 765.23698717353375 640 360
127 PINHOLE 1280 720 764.09376142580879 759.10103163934582 640 360
