# Camera list with one line of data per camera:
#   CAMERA_ID, MODEL, WIDTH, HEIGHT, PARAMS[]
# Number of cameras: 46
91 PINHOLE 1280 720 533.48086990325612 527.81278875711473 640 360
90 PINHOLE 1280 720 534.0963423253728 530.14226814869551 640 360
207 PINHOLE 1280 720 921.13692895843531 920.3903432332645 640 360
89 PINHOLE 1280 720 537.65204657270533 534.85256175810878 640 360
206 PINHOLE 1280 720 930.37751890626203 930.82785998296049 640 360
88 PINHOLE 1280 720 536.74795414285825 534.10268410739332 640 360
87 PINHOLE 1280 720 537.42183918694229 535.40449585046565 640 360
86 PINHOLE 1280 720 538.21623986961947 537.47981787751883 640 360
85 PINHOLE 1280 720 537.37892130122032 536.56387028298673 640 360
84 PINHOLE 1280 720 537.80271301652488 537.62922662303845 640 360
83 PINHOLE 1280 720 538.56605653788654 538.73383662717686 640 360
82 PINHOLE 1280 720 538.72761630508637 539.00809015946061 640 360
81 PINHOLE 1280 720 536.4385294869528 535.92620811164613 640 360
80 PINHOLE 1280 720 535.93994375808518 535.76258250084447 640 360
79 PINHOLE 1280 720 534.73382411490365 533.55624165048914 640 360
73 PINHOLE 1280 720 537.17862043100149 537.04750421878146 640 360
14 PINHOLE 1280 720 536.52384373170139 535.44416777952472 640 360
72 PINHOLE 1280 720 535.93523025851925 536.25907151437855 640 360
13 PINHOLE 1280 720 537.92403153575515 536.73976878400424 640 360
71 PINHOLE 1280 720 536.85912638755053 537.49922261133747 640 360
12 PINHOLE 1280 720 538.59200622342053 536.82628633572403 640 360
70 PINHOLE 1280 720 535.32190386563013 536.27961027048093 640 360
11 PINHOLE 1280 720 538.70347028022354 538.359020366339 640 360
69 PINHOLE 1280 720 535.88686263573459 536.72139392994768 640 360
10 PINHOLE 1280 720 538.06088497483688 537.9328470925127 640 360
68 PINHOLE 1280 720 535.52408780276926 536.19978661468224 640 360
9 PINHOLE 1280 720 538.50316219292631 538.2779530846035 640 360
67 PINHOLE 1280 720 537.13351419923333 537.81954760584517 640 360
8 PINHOLE 1280 720 539.11523361906507 538.56915556695958 640 360
66 PINHOLE 1280 720 537.48672989708166 538.10670940456828 640 360
7 PINHOLE 1280 720 538.01381830584 538.01489365974805 640 360
65 PINHOLE 1280 720 538.13501379973707 538.78077228148425 640 360
6 PINHOLE 1280 720 538.62036469779378 538.90713830204595 640 360
5 PINHOLE 1280 720 538.71411426690315 539.13588895085275 640 360
4 PINHOLE 1280 720 538.62307324773428 538.63473733900366 640 360
3 PINHOLE 1280 720 538.52669977135008 540.2467488841595 640 360
15 PINHOLE 1280 720 535.5906062607221 535.92310784014671 640 360
74 PINHOLE 1280 720 538.21707723626662 537.84681988226203 640 360
16 PINHOLE 1280 720 531.25692999628745 532.89365230368753 640 360
75 PINHOLE 1280 720 536.55760563982756 537.15999409469703 640 360
77 PINHOLE 1280 720 536.9518186955537 536.67518257178301 640 360
18 PINHOLE 1280 720 529.62274747730055 531.83338736435417 640 360
17 PINHOLE 1280 720 529.52336252949181 532.25351441230066 640 360
76 PINHOLE 1280 720 537.41589395985909 537.21292488227073 640 360
78 PINHOLE 1280 720 536.29567323535707 535.94142594078062 640 360
19 PINHOLE 1280 720 526.5192916551498 529.40525506058441 640 360
