# Camera list with one line of data per camera:
#   CAMERA_ID, MODEL, WIDTH, HEIGHT, PARAMS[]
# Number of cameras: 26
82 PINHOLE 1280 720 555.9814081239299 586.34141466190056 640 360
81 PINHOLE 1280 720 546.67396691633189 580.34639253425235 640 360
80 PINHOLE 1280 720 542.75509599190354 575.7665619574625 640 360
79 PINHOLE 1280 720 537.64545314443637 569.39397633459237 640 360
78 PINHOLE 1280 720 536.6302669653918 566.72551933340492 640 360
77 PINHOLE 1280 720 534.50097703099493 561.42104935674081 640 360
76 PINHOLE 1280 720 532.32232985243309 555.49855262395192 640 360
75 PINHOLE 1280 720 511.31478092675911 529.78031189728688 640 360
74 PINHOLE 1280 720 489.93152799447773 505.65858004901469 640 360
73 PINHOLE 1280 720 507.96740983919636 520.05879684889021 640 360
72 PINHOLE 1280 720 509.72315993051291 522.97615251030993 640 360
70 PINHOLE 1280 720 527.16767429590254 539.10753235544132 640 360
69 PINHOLE 1280 720 526.29042117528195 539.41366880922965 640 360
56 PINHOLE 1280 720 519.50963400741045 540.21320355263765 640 360
57 PINHOLE 1280 720 518.38897804671308 537.58440554264587 640 360
58 PINHOLE 1280 720 517.37083926959826 536.25858665529233 640 360
59 PINHOLE 1280 720 517.50813584938999 537.65365367592381 640 360
60 PINHOLE 1280 720 516.95172143949549 537.67198821988723 640 360
61 PINHOLE 1280 720 515.7793934276624 537.59803029271563 640 360
62 PINHOLE 1280 720 517.27833501740088 538.08320703550078 640 360
63 PINHOLE 1280 720 518.43794191381198 538.48601815352822 640 360
64 PINHOLE 1280 720 519.65679108915947 538.19521780250795 640 360
65 PINHOLE 1280 720 520.83831358313205 538.28387838636263 640 360
66 PINHOLE 1280 720 522.14487162931835 538.45189815545677 640 360
67 PINHOLE 1280 720 523.72263064984691 538.87288216238778 640 360
68 PINHOLE 1280 720 524.52469384013864 538.45997465803464 640 360
