# Camera list with one line of data per camera:
#   CAMERA_ID, MODEL, WIDTH, HEIGHT, PARAMS[]
# Number of cameras: 22
142 PINHOLE 1280 720 766.20838689765776 825.22193620190637 640 360
141 PINHOLE 1280 720 646.55777208861753 684.84425323079245 640 360
140 PINHOLE 1280 720 589.1404094284743 608.49525892460156 640 360
139 PINHOLE 1280 720 533.66858743727528 535.87104573541842 640 360
138 PINHOLE 1280 720 534.20662926433442 537.17124849129152 640 360
137 PINHOLE 1280 720 534.33744536075483 535.17180245437521 640 360
136 PINHOLE 1280 720 534.0824564787381 534.28615672395517 640 360
135 PINHOLE 1280 720 533.29017485728855 535.54569482703164 640 360
132 PINHOLE 1280 720 533.82578073678235 534.21071767292653 640 360
119 PINHOLE 1280 720 663.51677509900878 626.59829115215211 640 360
120 PINHOLE 1280 720 571.26066080191504 568.41240589230472 640 360
121 PINHOLE 1280 720 568.72906697066139 566.54433972066295 640 360
122 PINHOLE 1280 720 736.38358368863771 700.57143786668087 640 360
123 PINHOLE 1280 720 612.37526285660908 593.72207700342813 640 360
124 PINHOLE 1280 720 579.6489270327213 579.09633435586227 640 360
125 PINHOLE 1280 720 527.94876470337113 531.90506509602153 640 360
126 PINHOLE 1280 720 536.86186915060796 542.07996594571398 640 360
127 PINHOLE 1280 720 534.23227777901025 538.83430954321307 640 360
128 PINHOLE 1280 720 534.0737279328855 535.98645238574125 640 360
129 PINHOLE 1280 720 533.96972686820095 534.56031288687495 640 360
130 PINHOLE 1280 720 533.8205513057535 535.87830669969969 640 360
131 PINHOLE 1280 720 534.38696480033923 536.45060890686807 640 360
