# 3D point list with one line of data per point:
#   POINT3D_ID, X, Y, Z, R, G, B, ERROR, TRACK[] as (IMAGE_ID, POINT2D_IDX)
# Number of points: 47, mean track length: 6.7021276595744679
1680 0.062842292720703172 -1.0523666890219359 2.1526046812560873 236 236 236 0.00028433442721178197 126 855 137 650
1681 0.062842292720703172 -1.0523666890219359 2.1526046812560873 236 236 236 0.00028433442721178197 126 854 137 651
1386 -0.11391054748438821 -1.1869223707398178 2.5015122458592911 94 99 114 0.14394220152204809 127 71 128 91
1278 0.061124116824880989 -1.0536869655476124 2.1502490983831288 92 97 111 0.018226098400290568 126 234 128 285
1277 0.061124058572323205 -1.0536869167540215 2.1502489666255795 92 97 111 0.018032738208062803 126 233 128 283
1275 0.069752167515913788 -1.0584302415744391 2.1651735258556002 92 97 111 1.4579590161393376e-05 138 201 127 289
1250 0.11327715888406303 -1.0544556339940097 2.2051455680793759 10 13 15 0.00029191480221272235 126 299 138 274
2775 0.16530092605194979 0.3085517427827682 0.030096715727832901 73 77 89 0.029935868511599604 121 218 119 357
2435 0.062785581723572376 -1.0393066609221575 2.1970327045230675 0 0 0 7.2636658497829897e-07 128 219 131 190
2434 0.062785581723572376 -1.0393066609221575 2.1970327045230675 0 0 0 7.2636658497829897e-07 128 220 131 189
1106 21.620163153061196 -1.3662506252702169 24.857847147315073 10 12 14 0.036130554970518175 123 261 138 264
1107 21.620163153061196 -1.3662506252702169 24.857847147315073 10 12 14 0.036130554970518175 123 262 138 265
528 -8.6015981456242336 -24.73063255906948 64.670371831844378 231 231 231 0.44438495385136328 126 464 125 281 127 643 137 356 129 528 136 385 130 542 135 413 131 494 121 567 119 425 132 483 140 194 141 169 142 193
3360 -7.4971127816350318 -23.822913139703342 64.952587398654998 107 107 107 0.3081859239852362 119 797 120 714 123 679 124 591 128 650 137 528 138 575 140 582 141 500 142 512 126 615 136 545 130 692 135 537
3361 -1.5321166547072924 -23.241644211323433 64.127771084534302 107 107 107 0.22011612905404565 121 573 138 572 139 587 140 583 142 513
3390 46.100504531963772 -1.6114250593045023 51.215771951672586 9 12 14 0.1509795124591724 125 535 126 303 139 462 142 604
3362 -1.530326345386289 -23.242424164554549 64.130240033521403 107 107 107 0.25973405367338992 121 574 139 588 140 584 142 514
3217 -2.7767945151876492 -24.954374077212066 65.90256029724317 96 96 96 0.63504923879378383 139 1200 126 1170 125 1242 123 1231 138 1125 127 1214 128 1172 137 1064 129 1192 124 1127 136 1068 122 1171 130 1171 135 1013 131 963 121 1084 119 1278 120 1284 132 939 140 1168 141 1071 142 1030
3358 -8.2929823049659497 -25.791850248644117 65.884837642366591 0 0 0 0.41490010711952713 119 931 120 708 121 735 122 661 123 874 124 585 126 803 127 813 128 833 129 832 130 908 135 752 137 689 138 771 139 583 140 574 141 494 142 507 131 702
3329 21.68810208481419 0.37992484410367189 23.886574167318422 0 0 0 0.11833050354262425 123 294 129 191 131 121 136 246 127 158 128 179 138 286 132 111 137 253 135 306 130 172
148 24.365603899454566 -28.601873575241562 71.474537080904526 18 22 20 0.29143337860567603 139 573 126 602 125 691 123 664 138 559 127 630 128 631 137 499 129 666 136 507 122 866 130 662 135 515 131 618 140 809 121 736 132 595 141 728 142 736
3039 33.772480631630579 5.8716342482841624 37.127897137125494 9 9 9 0.48743001860578167 140 487 141 411 139 506
3359 -7.4971127816349696 -23.822913139703143 64.952587398654487 107 107 107 0.30818592398524186 119 796 120 713 123 678 124 590 126 614 128 649 136 544 137 527 138 574 140 581 141 499 142 511 130 691 135 536
3282 6.9246831427002951 -8.0812540711599912 40.834700308192708 100 105 121 0.083500237871742877 125 320 142 219
3403 -64.402315380514139 5.5498153073771066 74.656730816256115 8 8 8 0.10399082547336072 121 336 142 684
3404 50.406477953290114 13.548941663145543 48.406534377927457 9 9 9 0.15100547645469126 141 665 142 694
3287 -5.8784153118684532 -13.779100949237908 82.881461190436596 61 64 74 0.18387286122165458 136 101 142 235 132 318
3405 50.81778257342549 14.007201682602632 48.331190596106893 9 9 9 0.14600893980530966 141 666 142 696
3498 35.49560141340794 1.5926525424021836 35.990170312742642 10 12 14 0.30039609412030027 124 483 142 398
3337 47.419077056264442 2.8477223285764195 50.305357229351387 9 12 14 0.31255257550652693 125 384 139 485 142 417
1982 0.072180951939107868 -1.0530302217502405 2.1661856380254232 236 236 236 0.0003032432879738367 139 774 136 475
3398 47.403874976458908 2.194782537598738 50.335872298071457 9 12 14 0.0512612335245336 125 547 139 479 142 640 126 331
3221 -6.4042178852313256 -15.403948201828198 84.929086694306505 105 111 127 0.36154711302227621 139 821 126 825 125 912 123 889 138 792 127 836 128 861 138 625 137 812 129 855 129 942 124 642 136 743 122 891 130 943 135 779 131 724 121 764 119 960 120 897 132 696 140 829 141 757 142 766
3328 29.96248462116727 0.93210148990803443 32.203320448138641 0 0 0 0.16452111413977807 129 190 131 120 136 245 128 178 130 171 132 110 137 252 126 326 127 157 141 370 138 285
1262 0.061129286240510922 -1.0536830949770839 2.1502460165385431 228 228 228 1.2996909007073737e-05 126 82 128 105
3327 46.992350813683842 -1.7981728191838122 51.525047485623688 9 12 14 0.30615121652024291 139 280 142 393
1261 0.061129286240510922 -1.0536830949770839 2.1502460165385431 228 228 228 1.2996909007073737e-05 126 81 128 104
3326 36.209887777623351 0.93875630350869455 36.291734233499326 9 12 14 0.26457545180476505 124 477 142 392
3389 46.100504531963786 -1.6114250593045034 51.215771951672608 9 12 14 0.15097951245918523 125 534 126 302 139 461 142 603
3330 46.140434740116355 -0.97994399941850618 51.229946029325262 10 12 14 0.30535618207337195 125 365 139 287 142 397
3094 7.2915761934598402 -22.442119196836998 59.771779385702338 0 0 0 0.47199741823938174 124 51 122 450 125 87 119 802 120 716 140 576 126 609 137 515 124 588 125 701 121 572 141 497 142 740
3248 -8.7436858010325533 -28.077123330979457 69.881518120089225 94 99 114 0.46095416016373619 123 54 125 85 132 383 137 189 138 57 141 47 142 57
2630 7.3346231773130288 -22.495305570355594 59.853906682851516 0 0 0 0.77505240485996418 126 608 138 768 127 917 124 587 122 872 122 449 125 86 123 56 137 514 129 95 125 700 121 571 119 801 120 715 120 1000 140 575 141 496 142 739
3397 47.403874976458908 2.194782537598738 50.335872298071457 9 12 14 0.0512612335245336 125 546 139 478 142 639 126 330
3220 -7.3173161890100582 -13.705852529304229 84.329634309956347 82 87 100 0.3588746317926344 139 656 126 683 125 529 123 743 138 632 127 711 128 730 137 582 129 746 124 648 136 599 122 496 130 760 135 696 131 658 121 466 120 782 132 634 140 663 141 569 142 581
3218 -5.694902825092969 -16.781977886329138 79.826885989897349 95 101 115 0.35528561037703427 139 914 126 988 125 1066 123 992 138 949 123 1078 127 1020 128 1027 137 875 129 1017 124 898 124 989 136 899 122 974 130 1064 135 853 131 848 121 944 119 1134 120 1094 132 810 140 984 141 907 142 907
3117 0.057447899267859641 -1.0620149280200466 2.1600138457129781 69 73 85 0.00015067307677226491 131 238 132 217
