# 3D point list with one line of data per point:
#   POINT3D_ID, X, Y, Z, R, G, B, ERROR, TRACK[] as (IMAGE_ID, POINT2D_IDX)
# Number of points: 339, mean track length: 6.1445427728613566
627 -161.42086567947553 2.5148272815735337 28.649073992504938 5 7 4 0.44598555751040564 8 365 5 369 10 329 9 364 12 411 11 399 13 419 2 315 6 414
532 37.641752233228793 2.2495379729798781 4.3089644992528306 172 173 175 0.014707335084101185 3 315 8 375
524 65.692929680015567 3.7132530154672851 17.35573888173651 0 0 2 0.71425582245492825 7 253 8 318
520 86.037868659788828 2.1929350429767456 11.210914087785181 107 109 108 0.55511388174000009 8 307 5 312 4 265 9 321
510 51.380615741265785 7.0477625404139319 31.870683444222959 162 163 161 0.88049939180825265 3 172 8 256 5 322 10 277
509 33.114421132985271 -9.0431833079179498 14.894627154848276 130 130 130 0.98268995739698239 3 207 8 222 9 310 11 354
503 -85.699191732115011 2.2631030921879507 24.968612342505047 108 112 124 0.076446718671306438 7 59 8 181 5 174
502 -87.089912427662981 2.2240009195802553 25.269874291070252 108 112 124 0.55116687213435145 7 58 8 180 10 123 9 212 12 233 11 277 13 304
501 31.199670955103983 2.8439388959385292 19.25571365077025 109 113 126 0.37072250565280118 3 63 8 177 5 176 10 200 9 211 12 321 11 280 13 366
500 -28.075807239862613 2.5182187333051025 21.88436784469836 109 112 128 0.28379851657273364 4 43 8 176 10 125
498 83.402503528531938 2.4512326727626617 15.141364503384679 212 215 216 0.57963173775714771 3 57 8 174 9 207 10 121 12 318 11 275 13 364
497 19.28275509183991 2.3339014415508204 32.577341611244236 228 229 233 0.25754612196689314 2 94 8 171
496 19.28275509183991 2.3339014415508204 32.577341611244236 228 229 233 0.25754612196689314 2 93 8 170
493 27.855419335100745 -0.92427334385889426 49.46332462872121 1 2 4 0.12975525669686519 3 145 8 162 5 157 2 80
492 53.394060972649193 -0.075772030725483094 20.512452548755391 250 254 255 0.24836212179297215 2 71 8 155 5 151 10 104 9 131 12 217 11 193 13 207
490 19.579117241958887 -9.2697246985736541 14.073069256899972 130 134 135 0.62702762909775489 3 198 8 131 5 212
486 83.757839170062823 2.2861295780097266 14.777748193639527 70 74 77 0.64882663704231747 3 51 8 66 10 116 5 47 9 137 11 208 13 298
483 58.988920370622601 -0.21019983815152415 21.049287698404587 72 73 80 0.05052307434223334 4 22 8 57
454 -17.639224582909481 -8.581021837719474 15.24225979626819 74 72 73 0.79315814209184998 7 444 3 431 4 406 8 437 5 450 10 404
433 54.918344984534798 -8.406268468279837 22.811394257472497 138 138 138 0.59700738449512414 4 189 3 281 5 292 10 252 13 389
432 10.628490005715797 -10.773892761756477 27.57938822787133 140 141 140 0.21068938609370677 6 140 3 278 8 290
421 21.425634374309595 -1.4340975239561546 37.786516918422308 219 221 220 0.25775617624360397 2 188 3 213 8 242 5 235 9 192
420 49.193359958528816 7.1758212144948592 34.935918860906092 41 43 40 0.43895300765675627 4 153 3 167 8 192 5 253 10 212 9 150 12 237 11 218 13 315 11 291
414 -184.47619097668448 -10.821845626668454 22.650680487139606 54 56 55 0.41695522758454612 3 127 5 139 10 180 9 187 12 289 7 16 11 253 13 347
401 76.479811901639096 -7.8323344881702095 10.431811656172798 0 0 0 0.72017925318711018 6 123 7 176 3 259 4 169 8 275 5 269
400 71.705021017177515 -8.2231832918842507 25.100886194943783 2 2 2 1.1381683096116517 6 465 2 478 4 331 6 382 7 398 3 399 8 405
394 76.524047287231738 1.0762875347495049 17.835867484192899 67 69 81 0.46978733738190259 6 584 4 467 10 447
372 88.648253938230482 -0.40788699180319415 18.402962943543372 254 255 255 0.60465613570411803 2 488 4 378 3 409 8 446 5 435 10 389 9 407 12 471 11 412 13 452
366 -42.070082370231489 -13.478530971804469 18.175991565483791 130 130 130 0.57315336634691427 7 379 4 356 8 433
363 84.462375263942846 -0.50222789479652075 10.72237863741546 41 47 59 0.27390864096760026 4 338 3 406 10 408 7 411 8 444
360 37.752612988396429 -8.6146410361623094 16.348139998313865 222 222 222 0.32565917354774487 3 348 8 353 5 355 10 349 9 348 12 428 11 385 4 321 7 296 13 407
359 37.752612988396429 -8.6146410361623094 16.348139998313865 222 222 222 0.32565917354774487 3 347 8 352 5 354 10 348 9 347 12 427 11 384 4 320 7 295 13 406
344 17.584598225391897 -11.402394358273762 25.137391011274392 2 6 17 1.3397841037584355 7 98 4 242 10 246 11 255 11 324 13 180
343 -40.521303166326312 -13.13480879669747 16.255061128422764 218 218 218 0.20877915919178061 2 21 4 232 3 385
335 63.371286137265677 4.2743004164638183 16.449411685194622 0 1 0 0.88201238300546492 7 255 4 214 3 238 8 260 5 324 10 282 2 221
334 63.371286137265677 4.2743004164638183 16.449411685194622 0 1 0 0.88201238300546492 7 254 4 213 3 237 8 259 5 323 10 281 2 220
326 46.90415049592049 -8.8638393312242165 23.588684199834024 136 136 136 0.42979985144162863 7 198 4 188 5 291
325 46.90415049592049 -8.8638393312242165 23.588684199834024 136 136 136 0.42979985144162863 7 197 4 187 5 290
316 -21.293960407524263 2.1463395168009871 36.388957072239215 223 227 228 0.41656851899575265 6 191 4 135 3 148 12 172 7 54 13 224
304 18.630493004769846 -9.7648644037082235 15.454702620257425 1 7 17 0.25153018302904973 7 90 4 93 3 205
303 18.113449615105434 -9.3895502968632556 14.763818406038796 1 7 17 0.30061789397597444 3 204 8 132 5 111 4 92 10 69 9 94 7 89
298 82.268787886574529 0.26458430981921316 18.467033418274703 245 248 253 0.14733331524626636 2 72 4 27
297 69.554902991436208 0.1469659658981094 18.862701571936761 249 253 254 0.29755980825628009 7 45 4 26 3 45 8 158 5 152 10 105 9 132 12 218 11 195 13 208
125 -0.50122577774213428 2.3080284223957386 36.613145163605139 65 69 80 0.34719629160937227 7 498 6 546 2 558 4 419 3 453 8 452 5 440 10 392 9 410 12 475 11 416 13 438
124 48.092395723754663 -0.89801027187604432 40.761460666805981 66 69 81 0.5823310682622328 7 497 6 545 2 557 4 413 3 451 8 474 5 455 10 410 9 409 12 433 11 398 13 435
123 -0.19023884293664067 -1.3234538146396251 39.507665335071493 63 67 78 0.36792351680206803 7 496 6 544 2 556 4 412 3 450 8 450 5 436 10 391 9 408 12 472 11 413 13 434
663 85.42983878045527 2.1577301272973965 16.662432429655272 225 226 230 0.62785809447530216 8 64 10 33 9 39 12 317 11 270 13 296
662 26.184564522784918 -1.2316445637381017 30.23660255345483 62 65 70 0.52552181471183546 8 53 10 30 11 135 12 210 13 197
661 14.772932366980395 -10.012330406552257 27.089078984376528 1 1 1 0.21397301815781078 8 36 10 26 12 33 11 123 13 119
114 61.780574016790368 5.3710617148981363 3.3858860267023783 182 183 177 0.57619978708932684 7 473 6 496 4 397
113 61.780574016790368 5.3710617148981363 3.3858860267023783 182 183 177 0.57619978708932684 7 472 6 495 4 396
111 54.466610205912978 2.9949699943545469 6.3920644747558262 164 165 163 1.825657377608372 7 464 6 519 4 424
110 38.993948430188169 5.2992433645459736 19.319338559136618 66 70 81 1.4786880759872372 7 461 6 490 2 505 4 392 3 461 8 479 10 434 9 436 11 455
650 38.193836461632515 -9.2017113439979816 14.286428919181361 66 67 66 1.1348464534184448 3 197 5 109 10 68 9 93 11 161 4 236 7 183 2 357
109 -55.057404928221715 -2.5351536113855531 49.598829359907242 66 68 81 0.5204906107610493 7 457 6 515 2 529 4 380 3 411 3 449 4 411 8 449 5 411 10 390 9 389 12 432 11 397
648 78.475185316248783 7.0981443959773776 15.100798474326998 0 1 0 0.52387629002759595 8 527 5 493 10 457 9 445 12 515 11 458 13 479
107 75.144516340672482 -8.7886761517140659 27.328151351454288 2 2 2 0.39264310876100139 7 447 6 464 2 477 3 398
106 19.75276477390236 -9.9984249972227541 19.935811309095506 0 5 21 1.6804081576092991 7 445 6 456 2 473 4 407 3 391
644 40.016707918412777 5.2941920220936796 19.432164825649242 67 69 81 1.2603670299525516 3 462 8 480 5 481 9 437 11 456
103 15.04329986314039 -10.131243179583679 13.187398774548877 224 224 222 0.060786730819984355 7 441 6 443
98 -193.07214505505956 -7.5928449642412739 66.780723792800103 218 219 217 0.81521739619586908 7 413 6 399 2 487 4 340 3 359 8 359 5 363 10 322 13 391 12 407 11 330
92 -14.824470479358579 -9.0540990527195753 13.462984514273474 101 109 111 0.18383173487723745 7 384 6 450 4 316
90 50.836840022553524 -9.2617585511411242 14.57612413154189 132 132 132 0.40033024049716748 3 389 5 427 8 391 10 376 4 315 6 363 7 380
624 44.426709850692902 -9.6362235528001179 14.710782304980411 218 218 218 0.56353338123124441 3 337 5 347 10 305 9 338 12 393 8 348
83 43.911202282152054 5.1546458279351741 8.6340222182627162 0 0 0 2.8102672262730737 7 365 2 437
623 93.631201005584117 8.2255495709467734 15.260839730906167 178 179 178 0.3342771035885756 5 338 10 338 12 419 11 374 8 379 13 424
622 94.207131671129019 8.4282352800502647 16.128572808254379 0 0 0 0.39430560542632637 5 336 10 337 12 418 8 337
620 86.981816121760744 6.4354779635343036 14.397136864312882 171 171 171 1.8624861944713917 8 330 5 331 10 291 9 336 12 386 11 350
79 68.479260818038199 2.5068474648692209 3.5675207296766005 215 217 216 0.96130486293084283 7 353 6 328 3 377
470 -40.520516105010408 4.0331248423411159 18.546011998715453 0 1 0 1.864121179266949 7 425 6 487 2 502 4 387 3 460 7 520 6 551 2 583 4 421 8 514 5 480
1011 -115.64095549256326 -14.556836177741495 23.753708417307163 156 156 156 0.32615459187098855 2 33 4 99 3 116 5 217 8 136 10 172 9 250
789 38.028654149230093 4.9887585217625032 29.03493156479637 160 160 160 0.88289522374966223 10 272 9 285 12 323 11 282 13 306
798 86.498786655164821 5.9200534034981391 13.858121508952369 61 65 74 1.7678265700641553 10 290 9 334 12 385 13 422
1055 87.528102003161464 -5.3672812894073925 14.147924090855929 218 218 218 0.22572615201864465 10 179 12 208 13 175
809 40.811619341819465 -9.3509951435133001 15.540713259927967 216 216 216 0.33997752318681684 5 392 9 378 12 422 11 380
811 81.079774942650673 0.68972385294434757 17.518798610618205 56 59 68 0.52532917774151566 4 414 9 390 12 473 11 414 13 436
40 37.721195859347191 -8.5327650091247698 15.040176320767022 132 132 132 0.22193464642043137 7 187 6 132 4 181
826 43.65188611147817 8.7074579513524153 18.21792772412936 1 0 0 0.87286012047270867 7 364 3 322 10 295 5 335 9 300 4 297 8 335 5 86 12 84
827 -20.587503697050362 0.81623155563483019 34.654983732932735 74 73 69 0.35068431029222552 8 164 5 241 9 202 7 131 4 129 10 197 12 222
834 78.355798517421093 -7.5497349544870556 13.158239535937774 0 0 0 0.41586175376751172 3 268 9 311 11 355 10 307 4 178 13 383 10 237
858 87.793997097886916 5.106164459245063 14.195548657812843 171 173 174 0.27126549468531014 10 138 12 180 13 156
860 25.803947775462824 -11.47474676942417 15.783319997877459 87 85 86 0.3064766807496131 10 65 12 188 11 159
861 35.734677239671676 -8.8498987681795445 14.102116760126165 216 216 216 0.24608910063764566 9 162 10 70 12 190
63 3.2590225774194117 -7.4375506625348358 13.05550213891423 0 2 22 0.35698645309700516 7 297 6 372 4 239 3 346 8 351
604 18.921707462077364 7.1728138536268897 36.871270994645798 25 25 23 0.28340237821714948 2 217 5 257 10 208 9 226 11 216
752 -3.4984049361780301 -8.5000272181606373 13.372343696452637 120 96 70 0.40632912929699749 10 15 9 91 12 113
1009 88.432770518963437 -8.1623748210288909 29.951273790416725 124 124 124 0.42532410647233382 7 402 3 402 5 404 9 359 10 353 12 401 11 392 6 469 2 481 4 332 8 409 13 412
879 -129.24297683732433 -14.989878148771624 23.698543468498244 136 136 136 0.32528700439138264 4 9 12 284 13 343
357 33.516985238059675 -10.867764321063339 16.250303143574158 183 185 182 0.73386946824866384 5 346 9 339 4 314
898 -180.36180897108613 1.8658800986653337 28.874905275442256 154 155 154 0.42586428792130437 5 366 9 363 10 327 12 409 11 365 2 314 13 416
902 25.218996596533547 3.0246395330165665 25.660802846655809 216 216 214 0.0056318131539446403 4 267 12 436
131 -21.978654730459013 5.0139497957758188 42.962415006314529 220 220 218 0.97622843030448148 7 518 6 569 2 579 4 469 3 519 10 430 9 422 12 486
903 88.297461507953187 2.6430304838293464 11.450531936708304 217 219 218 0.22600187330827731 10 358 12 439 11 401 13 441
905 93.012453939191772 2.7718240089164978 11.103518232523502 222 222 221 0.22781056349198911 10 360 12 441 11 417 13 453
134 5.4866879286604053 0.30782368307348296 -3.1324043617142858 171 172 170 0.41623216510202388 7 521 6 176
365 -42.070871491327715 -12.764793687375152 15.856482848294057 222 222 222 1.1263271281329121 6 353 4 353 3 424 8 432
906 42.397250463584882 -9.1772110643592484 14.028830538761605 218 218 218 0.84588017463862142 3 338 5 348 12 458
135 5.4866879286604053 0.30782368307348296 -3.1324043617142858 171 172 170 0.41623216510202388 7 522 6 177
911 81.079774942650673 0.68972385294434724 17.518798610618205 63 68 75 0.52532917774151566 4 415 9 391 12 474 11 415 13 437
140 8.3805865015366514 -7.521522172826308 14.419702211856729 63 68 72 1.2318045039634911 3 528 8 529 5 500 10 459 7 528 6 559
915 -14.306903077114162 -13.234082906754216 29.08022264914036 52 52 52 1.7185689290961037 8 32 10 94 5 34 9 28 11 22
795 94.459480491243539 -8.3700787956965677 16.46937401513307 217 217 217 0.55540740546571898 3 208 9 313 12 362 11 319
922 4.7267712565242199 -10.439118621414657 24.910306748009521 1 6 18 0.36060616658423483 7 195 6 271 2 270 4 244 3 275 5 288 8 288 10 318 9 316 12 366 11 326 13 387
924 50.830409204507518 -11.73285187595312 26.169077788035512 217 218 216 0.26626239842305477 7 298 4 243 3 274 8 284 5 286 10 247 9 262 12 365 11 325 13 351
153 44.824859395622568 0.93631647598342338 29.562969455405142 67 69 80 1.1091958707634793 7 549 6 599 2 610 4 482 8 530 5 504 12 511 11 453 13 473 13 485
799 12.470062541363149 -7.4439877529215135 12.986107434696349 0 8 21 0.2115089172099385 10 312 9 345 12 420
1056 -13.359722179147564 -12.136051281290896 24.981229445044946 131 131 131 0.40311816714564924 5 135 13 178 3 11
926 -120.34760562829797 -14.655900707419393 23.855006823537696 131 131 131 0.58210170529683591 7 443 6 508 4 405 5 449 3 430 9 415 10 402 12 479 8 436 13 456
930 90.394363048877992 -8.1913537758701338 16.426191689958994 3 3 3 0.31323703025376343 8 19 11 16 13 106
132 36.301885196189396 4.088270466143415 17.051530601071725 66 70 81 0.72057264726075876 7 519 6 570 2 582 4 472
673 18.52792024666326 -8.3743825052463823 14.010750611177667 129 133 131 0.50375637120810457 5 12 10 78 9 97
939 14.706511027761501 -9.9173562504944002 26.892351707553246 8 8 8 0.18460977612103932 10 27 11 124 13 120 12 34
820 55.770576493442455 -8.7701234164720603 14.336389101303343 132 132 132 1.2474471056492245 3 504 9 429 12 507
1077 -36.458791182557455 4.8003501549074716 22.315751286475297 0 0 0 1.3373517235692518 11 301 12 337 13 329
49 19.518697529236206 0.21006860237895375 33.976371369815332 219 220 222 0.33609566382540446 7 239 6 306 2 305 3 216 4 204 5 309
947 -53.164887479779843 -14.177038936604852 19.75610964873993 130 130 130 1.7671113107400054 8 213 11 160 3 195
949 -24.148594285622739 -11.012321467789285 18.270916399319102 132 132 132 0.16968977291243906 9 99 12 200 11 172 13 246
692 89.189253735884975 7.2753781179290478 14.326495649629798 133 133 133 0.18545850791804078 5 195 10 222 9 298 12 345 11 351 13 404
178 -136.58795595591184 -3.9366332881990171 49.604269413502706 217 220 226 0.97546824336327942 6 167 2 186 4 196 5 234 10 262 9 274
951 -9.4976442934334955 -8.5932046630193106 16.704105017748155 134 134 134 0.068015858175738686 8 139 13 253
180 61.864686266444323 0.1982513179573259 19.722255459398969 250 253 253 0.3798345981193556 7 230 2 194 8 244 5 238 10 193 9 278 12 312 11 264 13 286
966 -87.587704238314743 2.2304798076994641 25.37288211872994 112 118 132 0.52924402273304838 5 173 9 213 10 124 12 234 11 278 13 303
859 -2.7809690618917835 -8.5316834458903266 12.98678088019129 119 120 121 0.2401188326097824 9 88 12 185 5 9
986 -137.0362732558867 -10.649621445748947 57.59882297657721 0 0 0 0.62884174707345897 8 412 11 395 9 386 10 387 5 406 4 372 13 414
215 -181.38702043608728 -10.777435274500718 24.202112627022274 55 57 56 0.95820917249508575 7 313 2 384 3 284 8 293 12 464 9 352 4 112
862 3.54525000961968 -10.14785801719427 17.032392848528886 129 132 138 0.43194382625546812 9 173 10 20 12 198 11 173 13 247
605 -53.169579013216108 8.0754096350925693 42.602903488094022 164 166 161 0.2493469293943178 8 193 5 259 10 134 9 229
989 -186.61841823750902 1.242354185632224 22.735575031178637 54 56 55 0.86720853751161553 3 301 9 412 12 440 11 418 6 316 7 339 8 316 13 454
991 61.135699488967539 1.135699271404299 19.594298465306039 249 252 254 0.86650541508569212 5 160 8 167 10 112 11 144 4 128 9 136 12 169 13 137
734 93.756270051507386 4.9040541816095686 13.925303038179695 168 169 164 0.43094756567514941 5 459 10 436 9 427 12 501 13 477
994 40.281689529835113 -9.2282775570525821 15.401907455181451 154 154 154 0.32337626600107844 3 340 8 394 5 391 10 347 11 381 9 379 12 423 4 318 13 426
223 -54.508990614377183 9.9495921964597382 24.353290481694419 4 4 3 1.2391237665128394 7 362 2 434 4 295 10 394 12 446 13 401
928 -12.527164910350335 -9.2044982507078714 13.496819796192524 44 45 46 0.33453022370332902 5 7 10 6 9 87 12 106
996 -1.8929797464085025 -10.514250102640025 27.209363852313377 136 136 136 0.57516647343087624 7 393 6 378 2 374 4 329 3 354 5 398 8 401 10 383 9 383 12 467 11 411 13 450
828 -15.35730189139846 -9.1795690503209659 13.625723777608782 116 117 121 0.16063356027743869 10 8 9 4 12 108
1082 -32.866054654083612 2.7916635308573392 31.957361175271803 217 219 218 0.49422449591304102 10 120 11 271 13 360 9 138 12 226
1023 -68.696643417244118 -14.33288277136996 32.606423823038995 2 2 2 0.25387855200363485 7 193 2 161 4 101 3 122 5 226 8 230 9 119 12 148 11 184
929 47.356965163840705 -10.687446198327294 25.616417152839404 1 1 1 1.1527312564000189 8 229 5 397 10 249 9 355 12 367 7 389 2 474 4 324 3 393 8 355 11 327 3 209 6 269 2 159 13 352
158 47.64910432128336 -7.6761126843239138 32.874009252174858 0 0 0 0.19490555603978971 7 560 6 609 2 634 4 497
997 -52.879408283598515 -12.889021047034664 30.107135481862631 1 1 1 0.57510084354628999 5 140 8 232 9 188 2 165 7 13 4 103 3 125 13 181
1026 -103.47748439031268 -15.080135404222107 22.165491391183533 131 131 131 1.7640384638012085 8 393 12 460 7 486 6 534 2 519 4 404 3 429 10 401 9 414 12 476 11 421
1087 -24.502886199774366 -13.161682364736464 26.847345587743739 76 75 75 0.82106299678768713 9 350 10 350 11 386 13 408 5 394
835 -17.517498528607071 -9.0106969270388966 13.612226211301834 75 79 82 0.26766631389681195 9 9 12 10
602 37.754856999211434 6.9728032927324008 34.884454580741412 45 45 44 0.38263554295244778 4 152 5 252 10 211 12 329 11 290 13 314
61 -137.76977114362685 -16.21520020840526 24.327098672648674 5 5 5 0.92197605961755813 7 291 4 238 5 350 6 366 11 242 9 377 12 356
296 42.072843244919788 -0.25372119037086865 21.922247475363601 250 254 254 0.21271541558250945 2 70 4 25 3 44 8 154 5 150 10 190 9 129 12 216 11 192 13 206
837 89.724099549631191 6.9114755245064377 14.339447322896387 219 218 216 0.053449122031022388 9 67 12 81 13 158
1094 6.5622783165137273 -8.3813582925024459 12.778556503277416 54 57 61 0.36195939063728988 7 92 6 130 4 97 3 202 5 276 8 217 10 230
967 48.798322583536702 7.173230779813248 35.097972873631861 42 42 42 0.37600091759903664 10 213 11 292 5 254 13 316
737 -119.14313796855895 -15.882705874000273 19.414250234248257 218 218 218 1.0922637608710752 6 531 10 440 9 438
196 20.131708366527178 0.21443002172104564 34.783492014584986 219 220 220 0.26380942659284717 6 305 2 304 3 215 4 203 5 308 9 280
67 62.754049778945038 -7.9936301247422188 21.790619278028846 130 130 130 0.59371863300042038 7 307 6 277 3 279 5 359 10 320 11 358 12 295 13 388 12 400
27 -20.454755713982053 7.6840044667723006 42.031489801216267 29 31 30 0.42239046779299055 7 149 6 210 2 216 4 149 3 235 8 254 5 256 10 207 9 225 12 326 11 286 11 215 13 312
1109 62.226206925427419 4.1695870814426996 3.650989460936894 181 183 181 0.62747586750919704 2 533 4 431 7 469 8 462
1067 85.913416229853425 5.266358225146341 12.959950461511824 119 126 140 0.016925427119557142 9 50 13 236
1096 0.55705939635588442 -8.5725808564053843 13.000941699375932 53 57 58 0.25817707093032971 7 9 6 21 4 95 8 215 5 211 10 228 3 113 9 241 12 351
952 82.315335989465865 0.0477187436473284 18.193689927849803 60 61 71 0.29032740436772247 8 54 11 188 13 196
181 -126.84327151306827 -1.7477041236898962 26.604294423679733 53 54 56 1.1047390274810309 7 235 4 200 3 214 8 245 8 246 5 240 10 195 9 196 12 372 11 265 2 197 13 290
1079 -4.1166308891479186 -10.643595101421036 17.581948261239518 134 134 132 0.24682710580217959 10 239 11 317 13 342
1020 -130.58653396320653 -15.763756669417342 37.645131791402207 133 133 133 0.51341810435148616 7 199 6 376 2 275 4 246 3 280 5 293 8 291 9 318 10 253 12 368 11 328 13 354
981 39.051957996672492 -10.141540029639287 14.823485653697505 129 129 129 1.461025732280512 5 390 11 375 3 264
1108 62.226206925427419 4.1695870814426996 3.650989460936894 181 183 181 0.62747586750919704 7 468 8 461 2 532 4 430
823 86.022630353632351 1.6422901592637222 10.552403618066222 119 120 122 1.4354153687766027 10 452 9 447 5 488 4 448 8 504
566 30.841392061407888 3.4358569899266036 26.260827395232692 67 69 75 0.099821627132954949 8 70 5 52 9 40
950 -10.874933415286012 -9.8618870024255063 19.163803055198986 0 0 0 0.081220151271978375 8 138 12 204
179 61.864686266444323 0.1982513179573259 19.722255459398969 250 253 253 0.3798345981193556 7 229 2 193 8 243 5 237 10 192 9 277 12 311 11 263 13 285
891 84.94002777925445 4.8711017862508461 12.674790999350686 172 174 172 1.3244895463667423 10 140 12 383 11 404 13 235
1018 -172.82152049647419 1.7471177468896788 30.311171684230967 151 153 150 0.9756370130036649 7 140 4 271 3 299 6 202 5 315 8 311 10 326 9 323 12 375 11 334 3 231 6 200 13 395
220 88.162266475268567 1.7757563927538684 16.77261167360199 218 220 219 0.9382561713872094 6 403 2 409 4 381 3 364
761 30.737446134806106 2.7395800786834834 24.669868849889365 215 219 220 0.22833044026964389 10 117 9 140 12 228 11 273
565 54.562974683085201 -0.31197602719929746 20.056535125424318 69 70 75 0.29459392305931548 3 39 5 39 9 128 12 162
1106 6.526428286251976 -8.3917482010895501 12.794489577552007 75 78 83 0.34369708977149582 5 275 8 216 10 229 9 307 3 201 7 91 6 129 4 96
619 86.664814160176491 5.405612691155679 12.908608736812456 65 69 80 0.2756773248215007 5 329 10 289 9 333 12 384 11 349 8 329 13 400
78 -153.94519203167974 3.2281204005588853 26.997502990453356 108 114 128 0.51655235739726491 4 282 3 373 5 374 10 364 9 369 12 445 9 394 11 419 8 368 2 418 6 417 7 346
920 21.563749864365494 -11.130663851653585 23.209198966739514 0 3 12 0.78402842409376861 8 397 5 395 12 429 9 381 10 351 9 351 11 387 13 409 13 430
149 23.543826524785061 4.5936786201767053 35.323754918655041 219 221 218 0.99313468242625502 7 538 6 585 2 580 4 470 3 520 8 509 5 476 10 431 9 423 12 498 13 465
1047 73.646816151167315 -2.5067375101130103 28.376276562218131 4 4 4 0.72408010447302251 8 145 10 99 11 132 12 156 13 126
978 78.420278438859995 -7.5537233446449035 13.161558215235132 0 0 0 0.44236743399505701 3 269 9 312 11 356 4 179 13 384 10 238
948 20.771604779466418 -9.3015855710631801 15.985181289390178 129 132 137 0.3472191479003387 9 100 12 132 11 171 13 169
1075 -189.73068940329733 1.8423411884842806 30.34739212039349 151 153 152 0.10424023620797389 7 141 13 307
1019 -68.417066996304243 -14.324750290570172 32.618822270996802 3 3 3 0.40760156800574188 7 194 6 137 2 162 4 102 3 123 5 227 9 120 8 231 12 149 11 185 13 263
889 -171.49905296256119 -10.04352134816911 18.527064850965125 55 59 58 0.61022985962787657 5 224 9 256 10 242 12 360 3 120 8 228 6 31 2 170
1016 -141.71569859779504 -10.639340134303685 58.384566670125523 1 1 1 1.1902630728639361 7 322 6 477 2 485 5 407 10 260 9 361 10 388 9 387 4 373 3 290 12 304 8 413 12 406 11 396 13 415
245 49.218998550662199 7.6559219915783707 17.366934621411168 0 1 0 1.2865862344805585 4 485 3 534 8 533 5 492 10 456 9 444 12 514 11 457
976 -114.60435033404738 -15.629533953617548 22.946667870214949 131 131 131 1.2237359729211366 10 306 11 353 13 425 7 382
1103 -171.13654457464071 9.8095842187677924 28.825407871320539 211 211 211 0.28446087660006569 7 359 6 331 2 225 2 428 8 376 3 380 5 418 10 368 9 373 4 290 12 417 11 405 13 444
589 -30.608863316473659 2.689274972292885 23.447444093701222 109 115 132 0.23635686789991714 3 61 5 175 10 126 9 209 12 319 11 279 13 365
588 61.233851705468886 1.1685067063012768 19.589745733418862 251 253 252 0.76276846345908922 4 127 5 159 10 111 8 166 11 143 13 136
1072 7.999840084692087 -7.455570997735582 15.496543720735746 136 138 135 0.073189570120448938 12 203 13 255
1013 -170.16945145882002 -19.558914067140616 59.549183909174417 98 98 98 0.315514036232033 7 450 6 467 2 479 4 369 3 401 5 402 8 407 10 385 9 384 12 430 11 391 13 411
242 -116.92572759649956 -16.62395085248793 21.676934716061222 218 218 218 1.2019319215834126 6 576 7 545 2 593 4 479 3 541 8 535
19 19.472116543812348 -0.65812282382607135 34.038096775327865 0 2 0 0.32878826931383942 7 126 6 171 3 144 8 161 5 156 2 79 9 194 12 220 11 196
1101 64.855245713248564 -8.3767387486560008 13.721049753616922 131 131 131 0.75866805319435515 7 487 6 535 5 448 10 400 3 483 12 477
73 86.773788253959651 0.5424044128025286 18.309648834643447 62 67 72 0.8305058878852416 7 333 6 301 4 341 8 360 5 365 10 323 9 362
1071 7.999840084692087 -7.455570997735582 15.496543720735746 136 138 135 0.073189570120448938 12 202 13 254
1012 85.415003749332243 -0.62667098306111879 9.9487851626084822 80 80 80 0.64268185433003122 5 302 10 259 9 271 12 405 12 301 11 258 11 362 3 292 8 298 4 258
241 95.245792386181932 -5.6364447216015092 30.696390359997483 218 218 218 1.1605433180250222 6 539 2 575 4 408 3 487 8 468 10 407 12 469
18 -28.458870420870916 -2.4315418318150188 48.176149460412852 219 220 222 0.45681964924238377 7 122 6 165 10 187 9 191 11 189 12 212 13 202
1100 -12.400794031262844 -11.282469457055569 23.990537799920325 57 57 57 2.3533832098294769 5 136 13 179 3 12 9 115 8 33 10 95 12 143
586 -24.020334080477731 -1.2880928399302098 40.934193747320585 1 2 1 0.25054376989017141 2 78 5 155 9 133 12 167 11 142 13 211 10 107
72 79.723232132367713 -4.105095078714748 31.668518129330568 0 0 0 0.36336734795821735 7 323 6 394 2 401 8 296
1070 41.93061206190383 -9.0110373802045594 15.401710870654936 217 217 217 0.11798400892632743 5 14 13 248
431 27.848019214464088 -9.8665286971217121 19.749826920931955 114 118 117 0.61430371147307272 4 186 3 273 5 283 9 315 11 320
972 25.387684898059039 -8.9673435863722766 17.347679765834418 0 0 0 0.11973914635307509 9 314 12 361
201 62.600417822097583 3.5110521131171364 16.378520264202816 0 0 3 0.61765862758314993 6 318 2 320 4 277 3 303 8 317 5 371 10 331 9 325 12 413 11 368 13 397
585 -23.544368090095077 -1.2637222242687633 40.521625745417353 1 2 1 0.20136343269569901 2 77 5 154 12 166 11 141
1098 0.55705939635588442 -8.5725808564053843 13.000941699375932 53 57 58 0.25817707093032971 7 8 6 20 4 94 8 214 5 210 10 227 3 112 9 240 12 350
584 83.109965086581568 0.28426951770609715 18.702981748376914 250 254 254 0.24607369875430288 7 46 5 153
1097 -53.351855554541146 9.9066172999715736 24.12687001872013 3 3 2 1.2744584124318794 9 299 12 347 7 363 6 493 2 435 4 296 5 383 8 334 10 395 9 396 12 447 13 402 13 423 11 226
42 20.708345671932005 -9.270613536883447 16.434407223024706 0 5 15 0.16546199912359194 7 190 6 262 2 263 4 183
583 83.004005522979256 0.092172068224412596 17.922982993735189 64 66 73 0.24285578154900211 3 139 4 122 5 146
927 25.188765889421539 -10.2041958037386 25.694747499632701 132 132 131 0.54772668270993063 7 509 6 564 2 572 4 440 3 486 8 497 5 467 10 422 9 417 12 490 11 438 13 470
156 50.591385692238561 7.749758891546322 17.58265668963768 0 1 0 1.3615113521410964 4 493 4 484 3 533 8 532 5 491 10 455 9 443 12 513
513 36.831518381265447 2.425546420351735 4.3457288015888835 174 177 176 0.2722276557091225 3 180 8 266
1054 0.39520321449533857 -12.464754815648464 18.750596095527811 218 220 219 0.88269642525868741 11 104 13 167
921 76.284454906142756 -8.371694376087385 21.803351069393099 87 87 87 0.63576682208459767 7 510 2 570 4 438 3 485 8 466 5 465 9 416 10 421 12 483 11 426 13 458 11 437
150 24.345787335866582 4.8914285387484222 37.588934703584655 219 221 218 0.75447231111625734 7 539 6 586 2 581 4 471 3 521 8 510 5 477 10 432 9 424 12 499
1048 73.646816151167272 -2.5067375101130094 28.37627656221812 4 4 4 0.72408010447302251 10 100 11 133 12 157 13 127 8 146
1102 -160.5974245235677 2.4985114261504275 28.532018803626858 6 8 7 0.4177973296798137 3 302 8 366 5 370 10 330 9 365 12 412 11 400 13 420 7 340 6 415 2 316 4 275
20 15.137962522345989 -0.54862241171588844 25.698207152516751 0 2 0 0.28745313652777071 7 127 6 172
1022 70.702221223304946 -5.1407831314314283 32.333075173123454 0 0 0 1.1313835261399348 7 533 6 567 2 598 4 463 3 489 8 500 8 524 3 530 5 470 10 425 9 420 12 494 13 462
767 3.5306215684472697 -10.104025227609752 16.977040743191743 130 132 132 0.5365831160696497 10 21 9 174 12 199 11 174
1021 71.018910408701743 -5.1198574972813562 32.334509596782098 0 0 0 1.0031541236315453 7 532 6 566 2 597 4 462 3 488 3 529 8 499 5 469 10 424 9 419 12 493 13 461
892 88.379927291026874 -5.8284045555882678 14.239170436198146 5 5 5 0.14518838871500445 5 357 12 397
1017 -76.610122998995166 -13.743515022629174 33.028189124191407 133 133 133 0.39618840022604768 7 306 6 377 2 372 4 327 3 353 5 358 8 356 10 352 9 356 12 399 11 388 13 410
888 -170.63545066651352 -9.993471516070457 18.453159765155519 55 59 58 0.56526127065067144 9 255 10 241 12 359 5 223 3 119 6 30 8 227
1015 88.432770518963437 -8.1623748210288909 29.951273790416725 220 220 220 0.42532410647233387 7 403 6 470 2 480 4 333 3 403 8 410 5 405 10 354 9 360 12 402 11 393 13 413
1014 21.661170000982114 -10.698975329804759 15.475124231882317 0 2 13 0.4433742535888161 4 357 3 387 8 387 6 444 7 442 9 309 12 262 10 344 5 389
469 -39.483567659856107 4.0026287927921693 18.520903908923117 0 1 0 1.6804622635342141 7 424 6 486 2 501 4 386 3 459 6 550 4 420 8 513 5 479 10 433
1010 -116.04906405538499 -14.59650146103831 23.81813795394293 156 156 156 0.38248114064612321 6 135 4 100 5 218 8 137 10 173 9 251
880 142.67953435864456 -8.6248897272645024 18.929575057440807 223 223 223 0.33249248541835308 6 453 12 288
1007 86.226806051179409 1.6578082666524641 10.572082373020782 119 120 121 1.4372555729879213 3 514 8 503 4 447 5 487 10 451 9 446
1005 -169.29349535303058 1.789063344071351 22.924773050697635 101 106 103 0.7897294050562419 3 370 4 344 5 413 10 362 8 421 7 342 6 413 2 498 12 443 13 443
748 -121.96457012392293 -15.678108342611068 18.955150727929915 130 130 130 1.1615500219494914 7 439 10 417 10 398 3 422 6 504 8 430
234 58.744644200043474 5.9051818116615529 17.216387944447309 118 125 141 0.81866367220486402 7 467 2 506 4 422
463 89.82308804736536 1.6986675549036607 16.509031351789265 218 218 218 0.9726650634714411 4 416 3 494 5 474 10 427 12 496 13 464
1004 13.002315473810887 -9.9003711524318856 28.258347244633949 1 1 1 0.64325027968898074 7 397 6 463 2 476 4 367 3 397 8 404 5 401 9 358 10 384 12 468 11 390 13 431
747 77.714658989391751 -4.4797808401701751 13.591450450320117 219 219 219 0.69673098310189463 5 453 10 405 12 466
774 -21.509512016481789 0.92267091487027142 36.453865786232392 72 70 71 0.30510352757595122 8 163 9 201 11 201
233 84.871985221812594 2.7062868675894332 14.794717675481262 67 69 81 0.91983681546916418 7 420 2 497 8 363 6 194 11 364 12 408 13 439
749 74.230739222113414 -7.9281634749893115 13.557033436521236 222 222 222 0.27503181095811058 10 18 9 23 12 127 11 111
462 47.455646170028366 -11.288966935782902 23.274901285384761 219 221 216 1.7752424558536257 4 437 3 484 8 494 10 443 12 508 13 468
1003 85.761728986545577 -0.62035269039548235 9.98328119539757 71 71 71 0.36317595489797783 5 301 10 258 9 270 12 404 11 361 3 291 8 297 4 257
461 -22.08357074181529 -10.749401298812614 15.705586779934203 108 110 112 1.7452042005692074 4 436 3 482 8 463
1002 85.894910945060275 2.1146362792864393 10.089265774803389 109 110 109 1.0405422311519243 4 269 3 365 8 309 10 269 9 392 12 437 11 429 13 466
1001 85.894910945060275 2.1146362792864393 10.089265774803389 109 110 109 1.0405422311519243 4 270 3 366 8 310 10 270 9 393 12 438 11 430 13 467
332 62.616684081072812 2.8423515213134323 16.435147751941059 112 116 130 0.56307722564400842 6 203 4 207 3 233 8 314 5 316 10 268 9 283 12 376 11 335 13 396
873 31.142074362111863 2.7637178145339525 24.85027232556893 223 224 226 0.1707766152802607 10 118 12 229 11 274
616 84.782282683596961 2.1749921959985747 11.088829837676503 100 102 101 0.29395893132759837 8 308 5 313 9 322 13 417
1000 86.055855157103196 -0.4917270544486243 10.89800312330128 28 38 60 0.97389615045227196 8 415 9 406 10 409 12 484 11 441 4 339 3 407 7 412 13 460
999 -24.715057227870094 -11.920889869500895 28.870150061444015 135 137 136 0.32366190335282891 6 563 2 571 4 459 3 505 5 466 8 496 10 444 9 431 12 509 11 451 13 469
457 -34.569660298301471 2.3752702767673335 22.900703942331116 65 69 81 1.4291061907115612 4 385 3 458 8 478 10 428 9 425 12 497
998 -52.879408283598515 -12.889021047034664 30.107135481862631 0 0 0 0.57510084354628999 5 141 8 233 9 189 7 14 2 166 4 104 3 126 13 182
227 -124.87610805290707 -16.855463291982687 43.194494005075761 2 2 2 0.75962913178883162 6 381 2 475 4 364 3 396 5 431 10 406 11 439 13 459
735 89.487911294771678 6.8528052132358157 14.084998336234495 230 232 229 1.3892969108316591 5 460 10 437 9 428 11 449 13 480
762 31.474831412101821 6.2877756239613927 16.619962914882468 0 0 2 0.64622588150073668 3 179 9 154
221 -153.88765779332365 3.196654248170649 26.942932670608226 115 119 128 0.50955538123671129 7 345 4 281 3 372 5 373 10 363 9 368 12 444 2 417 8 367 2 322
733 86.47177111600007 4.8349201480601405 14.879924819184986 67 69 81 1.8302454637734933 3 496 10 411 9 426 11 431 13 476 8 423
728 95.068436437200461 8.3225497481319604 14.171470821475078 177 179 177 0.57582212534749311 5 422 10 396 9 397 12 450 13 446
214 -43.454366867234398 -12.772930534481336 32.261306967410675 137 137 137 0.84255477831208703 7 309 2 373 4 328 9 357 11 389 5 296
725 3.4293291351011486 -9.7075466241667048 17.108293891508652 1 8 18 0.57989482195305475 5 393 10 378 9 380 12 424 11 407 13 427
718 -174.54797171837711 1.8255477721746245 23.416553753055517 102 109 105 0.40936146027679321 7 341 10 361 12 442 13 442
717 85.191245750707381 -0.011490560471268726 10.548517535798489 118 119 121 0.19580209767242324 5 362 10 356 9 388 12 470 11 427
189 76.206690634237304 -7.569013304788923 21.290914990377381 135 135 135 0.60269444911832515 7 308 2 276 5 295 6 33 10 321 9 319 12 369 11 329 8 292
701 16.469658521646977 0.1701803123684176 29.777248235293328 221 225 219 0.2390763468120467 7 240 10 266 9 281 11 332
216 -181.38702043608728 -10.77743527450072 24.202112627022277 55 57 56 0.95820917249507886 7 314 2 385 3 285 8 294 9 353 4 111 12 465
754 42.009059294966917 -9.0084273888039483 14.531447991523331 214 214 214 0.56641419995587838 10 73 9 96 12 122
213 38.698925683100683 -8.8859786372780114 14.779784889935177 221 223 222 0.16804932329012554 7 292 4 317 3 339
753 19.685911314685843 -8.8522580764406698 14.23102372630054 131 135 136 0.7778399531382052 10 72 9 95 8 14 4 8 3 5
212 -122.48958292517777 -15.890823910859343 22.379239642924635 221 221 221 0.92770229050960484 6 446 2 358 5 447 10 419
743 43.046995389048348 -9.3543870394313675 14.73606289663406 219 219 219 0.22464555858267699 8 219 10 155 3 200 4 91 6 249
202 62.743799389337369 3.5216841935433645 16.402466466822137 0 0 3 0.60977238116050558 6 319 2 321 4 278 3 304 5 372 10 332 9 326 12 414 11 369 13 398
185 28.25793037403071 7.0090155559700023 35.858802919783109 154 154 152 1.031239194507398 7 147 2 214 5 249 10 203 9 221 12 241 8 324
724 91.967172818047587 7.2553252068209275 13.588855609776141 136 136 136 0.65450764392893312 5 420 10 370 9 375 12 449 11 406 13 445
183 -19.478324033432887 1.4487959630033869 33.686058030712125 216 220 221 0.28169773934487069 6 188 2 207 3 147 10 114 12 171 13 139
182 -19.478324033432887 1.4487959630033869 33.686058030712125 216 220 221 0.28169773934487069 6 187 2 206 3 146 10 113 12 170 13 138
169 -75.208021286729448 3.1156326787122328 22.171518464552868 111 114 131 0.17610098131570795 7 142 2 103 3 164
166 17.401901716906242 1.0920282578468252 30.322238562989963 71 70 65 0.3656472539868304 6 181 2 89 4 130 3 223 8 165 5 242 9 200 11 203
704 92.706832503796647 6.8405972410034686 13.616700060656694 237 237 237 0.39965563565908679 5 264 10 294 9 297 12 387 11 373 13 403
163 66.623802420967039 0.00083653644423200592 19.139607142530686 70 71 76 1.3570527349261574 6 69 2 65 4 123 3 142 8 153 5 236 10 103 9 276 11 136 11 331 13 198 13 359
703 83.322408620972297 6.4816474156003068 14.581351095111852 0 1 0 1.2007504201863672 5 330 10 292 9 296 12 344 11 304
162 9.1468247156474352 -11.341667338976714 29.221147183676706 148 148 149 0.23917629165569068 6 29 2 41 4 105
695 87.034846635218685 -5.3142534103002355 14.156464017851807 219 219 219 0.36227612074254328 5 287 10 248 9 261 12 291 13 260
154 82.849594018982344 1.4652802960981113 13.237442471811008 218 218 216 0.59054392792024124 7 551 6 600 2 603 4 492 3 543 5 507 8 539
152 -116.5252395643477 -16.534302411693776 21.56769158460984 218 218 218 1.155463390165546 7 544 6 592 2 592 6 575 4 478 3 540 8 534
148 76.707989216162161 1.0972868462304861 17.886603760691351 67 69 81 0.45273363541550704 7 537 6 583 2 602 4 466 3 513 3 531 8 525 5 486 10 446 9 435 12 512 11 454 13 474
689 16.929853928391562 1.8242134212490038 29.610985460969921 222 223 223 0.20421551307514574 3 225 10 199 12 316
147 51.577980732131088 -1.9616436952560419 27.280624314924633 253 253 252 0.84700908320437873 7 536 6 581 2 600 4 465 3 511 5 485
688 19.361151640310723 2.1067659869564928 34.272673851436387 222 223 223 0.16985063454240257 3 224 10 198 9 205 11 206
146 -84.263201875022858 -5.8546717804047601 50.84434832654452 218 218 219 0.34582144196043035 7 534 6 580 2 599 4 464 3 510 8 501 5 473 10 426 9 434 11 442 12 495 13 463
685 5.4210360051350861 -7.7638719924300457 13.297224287417093 5 8 25 0.27127647665082405 5 115 10 160 9 248
682 -83.372256330319459 2.9705775346574801 24.406559190013997 0 1 2 0.29951734012610021 8 187 10 133 9 223 12 330 11 296 13 371
141 5.5524348750659689 -7.172412998301823 13.48398343381103 63 68 72 0.95282138818511564 7 529 6 560 2 550
139 4.5306179243324802 -9.5815140014924705 15.165353896369325 103 104 107 0.32906780825363663 7 527 6 578 4 456
138 42.036453308622043 -8.9823897558530508 12.291177750349883 218 218 218 0.23200774684449579 7 526 6 558 4 481
137 -57.703227193254378 -13.21385602441079 16.982741406237967 218 218 218 1.0139102969579619 7 525 6 557 4 480 3 526
130 -23.485072204453239 5.0725606818047524 43.804958960976421 220 220 218 1.122223148931889 7 517 6 568 2 578 4 468 3 518 8 508 5 475 10 429 9 421 12 485 11 428 11 444
59 23.800445079822154 -12.052845075932122 16.468590192705953 220 221 220 0.48713372532137683 7 283 6 354 2 144
600 72.769200823295989 -8.0921947613232614 13.470674889647276 129 129 129 0.35225127139228035 3 114 5 214 10 75
53 27.66711715049756 7.2242349339228653 34.491879677034653 154 154 152 0.37701270179149743 7 260 6 424 2 325 4 212 3 308 8 323 5 321 10 276 9 288 12 332 11 338 13 369
52 -32.216221292891163 7.7532433557952452 40.807746565567598 156 156 154 0.41119697346795997 7 259 6 423 2 420 4 211 4 283 3 307 8 322 5 320 10 275 9 287 12 379 11 337 13 368
593 86.095496270212379 4.1832687331153506 13.948388645231908 160 163 165 0.93702707560123089 3 173 5 191 10 136 9 152
46 -98.4699054292428 -14.546861936942866 33.668734563434796 139 139 139 0.20410006638576117 7 196 6 274 3 277 10 250
41 39.384636408920557 -8.9677233860632253 15.941498427888414 132 132 132 0.3118506899804524 3 271 8 283 5 352 10 313 9 346 12 425 11 383 4 182 6 133 7 188
37 12.246009396380039 -12.216205413506389 17.217755656175701 1 1 0 0.48374769590816896 7 181 6 242 2 146 2 248
36 -12.208996893813445 -13.647928933752688 19.075803725340787 2 2 1 0.4424998169241382 7 180 6 240 2 246 4 234
32 60.586951695719499 5.1616133730073823 15.686893483154787 0 0 5 0.28462187717920673 7 159 6 219 4 155 3 240 8 263 10 285 9 294 12 382 11 348 13 375
554 19.523522173909047 -3.1127944887599925 34.553438844049708 218 218 218 0.76526116270096145 7 535 8 502 11 443
1095 98.314683566532082 -6.7645601383179699 29.504182980587707 2 2 2 1.6552738129307398 4 254 6 149 10 256 9 269 12 299 11 360 13 272 5 361 6 473
13 16.290023714102048 -11.592349522013581 16.440493575820351 212 216 219 0.22236962419835793 7 80 6 125 4 176
552 54.697606705359419 2.4727575465848459 4.0692555136453477 174 174 174 0.63364621799298471 3 473 8 489 6 489
11 39.027323610437286 6.0270352004697481 26.484311494969784 161 161 161 0.18922961860810381 7 67 6 215 2 223
10 36.845504283995488 6.908281516292508 34.56542316576202 47 49 48 0.43667403219774087 7 66 6 105 4 151 3 166 8 191 5 251 10 210 9 149 12 242 11 289 12 328 13 313
1091 -66.722442935670045 -11.631541173997809 32.573517832368516 3 3 3 0.74763238591706926 4 460 9 418 10 423 11 440 12 491 13 471 2 596 5 468
9 -45.734609674181137 7.6194927081733299 43.452605228622254 48 50 49 0.46509283998626538 7 65 6 104 2 111 4 147 3 165 8 190 10 204 5 250 9 148 12 239 11 213
1089 -31.334488484925991 -15.338900588779651 29.050629339020187 75 73 74 0.98626369184190077 11 409 12 463 13 428
7 -21.77949577740744 2.0902139991767563 37.026854011020141 218 223 229 0.83473191185411977 7 53 6 190 4 136 3 149 8 304 9 203 12 173 13 223
1085 29.495166243141338 -10.343160349105096 19.936014047034551 162 162 161 0.017390717589729987 12 363 13 385
544 17.905739734963394 -9.0514541614284667 16.297903115081166 0 2 14 0.98081495385918016 3 390 8 438 5 451 10 403 9 405 12 462 11 424 13 448
1111 56.333759200715669 2.2762396638876958 3.8911868117228101 64 67 77 0.71206620653347186 4 394 3 467 8 487 7 430 2 421
2 45.118540923762573 -9.6322648864703595 15.841914794692631 218 218 218 0.2826042544653054 7 7 6 19 2 25
28 18.946948014302766 7.3026741517567517 37.542484798119368 28 30 29 0.40183722461354654 7 150 6 211 2 218 4 150 3 236 8 255 5 258 10 209 9 227 12 327 11 217 11 288 13 367
1110 98.463901371790755 -6.8403205767679047 29.400613859772804 2 2 2 1.6738381339501316 9 268 12 298 13 271 7 318 2 285 4 253 6 148 3 358 6 472 8 411 2 482 2 389 5 360 12 403 11 359
1 12.160560548338218 -11.173016400434985 16.161547461170493 215 217 219 0.44353792041320411 7 6 6 126 2 149
1099 -170.49769209056265 9.7589105279416639 28.694594779120635 211 211 211 0.27125285621709339 7 360 6 332 2 226 2 429 8 377 3 381 5 419 10 369 9 374 4 291
17 -135.54608543512168 -3.8976581804809904 49.248712036612702 222 226 229 0.76964674000532463 7 121 6 166 2 185 4 195 8 240 5 233 10 261 9 273
1104 -122.46495149311947 -15.57943713952826 18.712630011481245 218 218 218 1.698156155087964 3 334 10 399 9 399 4 231 8 386 8 431 3 423 7 440 6 505
22 20.927745677689209 1.9337467679231868 35.660525723398131 220 221 225 0.19049233049300499 7 134 6 183 8 168
1105 91.666765529181589 -7.2379772490983285 23.880519378239821 3 3 3 0.94254694356097091 7 531 6 565 2 574 4 461 3 508 8 523 9 433 10 445 12 510 11 452 13 472
23 20.927745677689209 1.9337467679231868 35.660525723398131 220 221 225 0.19049233049300499 7 135 6 184 8 169
564 -121.8350950008885 -14.644337440781099 24.12846623506028 130 130 130 0.48265228980528946 8 18 5 23 9 102 11 176 13 170 12 133
60 -24.082547605684752 -12.639762296586404 17.465327364818975 73 71 72 0.16726663689612109 7 285 6 358 4 235
603 -20.731762644008988 7.7545636227293882 42.409925619590517 26 26 24 0.33246489237073079 2 215 5 255 10 206 9 224 11 214 13 311
62 90.335140052173088 -7.9956952413923137 14.23608995041451 216 216 216 1.8023479924274732 7 293 6 367 2 359 3 270
65 57.730429714783867 -8.6984711481416799 22.164877196054167 4 4 4 0.63784764649596948 7 305 6 272 2 271 4 245 3 276 8 289 5 289 10 319 9 317 13 264 11 187
610 22.492222010120322 -11.687154363904909 16.025282383182354 224 224 226 0.26367417464031451 8 211 5 271 10 226 9 306 12 354
611 -59.303133327661541 -14.540813332805127 20.245679966727753 217 217 217 0.60972721951204334 8 280 5 273 10 231 9 243 12 263 11 232
612 -59.303133327661541 -14.540813332805127 20.245679966727753 217 217 217 0.60972721951204334 8 281 5 274 10 232 9 244 12 264 11 233
617 88.039328776286396 2.6506049641209333 14.487556097241132 221 223 222 0.21298125406704718 3 298 5 314 10 325 9 320 4 206 12 374 13 394
