# Camera list with one line of data per camera:
#   CAMERA_ID, MODEL, WIDTH, HEIGHT, PARAMS[]
# Number of cameras: 24
140 PINHOLE 1280 720 537.25064369984591 538.70029127131659 640 360
139 PINHOLE 1280 720 537.65455596394634 537.94590653167938 640 360
138 PINHOLE 1280 720 538.04156124608039 539.35609195038444 640 360
137 PINHOLE 1280 720 537.98148802548644 538.37294512431583 640 360
136 PINHOLE 1280 720 537.77203437865023 538.87864192601546 640 360
135 PINHOLE 1280 720 537.68443281409725 538.66369159467308 640 360
128 PINHOLE 1280 720 537.28648037581843 538.32694147932762 640 360
127 PINHOLE 1280 720 537.70606960355099 538.47250376423347 640 360
126 PINHOLE 1280 720 537.07084546273779 538.27749869345053 640 360
125 PINHOLE 1280 720 537.70858925741572 538.67390937748223 640 360
141 PINHOLE 1280 720 537.65232862176106 537.97575259029668 640 360
112 PINHOLE 1280 720 549.98062497603519 546.72544531900655 640 360
113 PINHOLE 1280 720 544.26234202615876 543.08226313510636 640 360
114 PINHOLE 1280 720 544.04109245969528 542.61620656069829 640 360
115 PINHOLE 1280 720 538.37982707173114 538.12798051252878 640 360
116 PINHOLE 1280 720 536.36218457350424 536.38508642996601 640 360
117 PINHOLE 1280 720 536.89969444035 537.7225044985953 640 360
118 PINHOLE 1280 720 538.26018084495433 540.51804647770098 640 360
119 PINHOLE 1280 720 536.55979693463996 536.66190840748345 640 360
120 PINHOLE 1280 720 534.25363158489643 534.17007683313216 640 360
121 PINHOLE 1280 720 537.36321499182498 538.28614947090239 640 360
122 PINHOLE 1280 720 537.70204176962034 537.42709279232463 640 360
123 PINHOLE 1280 720 537.22691490474301 537.80107265052538 640 360
124 PINHOLE 1280 720 537.63807180033996 538.08878801685921 640 360
