# Camera list with one line of data per camera:
#   CAMERA_ID, MODEL, WIDTH, HEIGHT, PARAMS[]
# Number of cameras: 25
124 PINHOLE 1280 720 537.2468553708228 536.97489264069179 640 360
123 PINHOLE 1280 720 537.06223202845058 536.72741833503619 640 360
121 PINHOLE 1280 720 537.17512239674829 536.78269188027457 640 360
120 PINHOLE 1280 720 536.4264437144036 534.51274781166194 640 360
119 PINHOLE 1280 720 536.97331820360296 536.82375217058143 640 360
118 PINHOLE 1280 720 539.95986763527276 539.11898731040583 640 360
117 PINHOLE 1280 720 538.55315543707127 537.74573261931596 640 360
116 PINHOLE 1280 720 537.61742471281207 536.7348972968199 640 360
115 PINHOLE 1280 720 540.05693856404037 537.82916263148263 640 360
114 PINHOLE 1280 720 545.45984615396208 540.09030037596676 640 360
101 PINHOLE 1280 720 536.53246180462543 517.79859968992787 640 360
102 PINHOLE 1280 720 534.21606286873623 518.44966137143183 640 360
103 PINHOLE 1280 720 534.57659119850803 518.26357823687056 640 360
104 PINHOLE 1280 720 536.1452515153037 519.54891516251598 640 360
105 PINHOLE 1280 720 535.12556657147707 519.17789760640244 640 360
106 PINHOLE 1280 720 535.03008403293143 519.91388249490285 640 360
107 PINHOLE 1280 720 536.55789693263955 521.88713323580146 640 360
108 PINHOLE 1280 720 536.23307432719412 522.23814977259747 640 360
109 PINHOLE 1280 720 540.19086599352067 527.38636777731472 640 360
139 PINHOLE 1280 720 537.4326781454638 536.88509760467457 640 360
110 PINHOLE 1280 720 541.23819584338833 530.82713632273715 640 360
140 PINHOLE 1280 720 536.88538322767442 538.63294698975062 640 360
111 PINHOLE 1280 720 543.60400856139688 534.34944343719417 640 360
112 PINHOLE 1280 720 544.30700880050335 535.79621065970139 640 360
113 PINHOLE 1280 720 543.1206934430196 537.35761609012832 640 360
