# Camera list with one line of data per camera:
#   CAMERA_ID, MODEL, WIDTH, HEIGHT, PARAMS[]
# Number of cameras: 11
205 PINHOLE 1280 720 69011.993687610637 290266.34082544676 640 360
62 PINHOLE 1280 720 754.07203225277181 2579.405502981248 640 360
61 PINHOLE 1280 720 782.0047395343986 4096.6043720668276 640 360
60 PINHOLE 1280 720 796.61751000904997 3942.0520882480455 640 360
59 PINHOLE 1280 720 -13631958.695090119 -8108331.4824247472 640 360
58 PINHOLE 1280 720 834.63853601549226 3829.2995226405128 640 360
57 PINHOLE 1280 720 851.21577130616686 3957.8592621589924 640 360
56 PINHOLE 1280 720 938.27879494280228 184048.0658147131 640 360
55 PINHOLE 1280 720 824.23462040594302 3357.3081125283625 640 360
54 PINHOLE 1280 720 835.26305169172247 3830.5800946079053 640 360
53 PINHOLE 1280 720 823.28647960813691 3885.3299967124999 640 360
