# Camera list with one line of data per camera:
#   CAMERA_ID, MODEL, WIDTH, HEIGHT, PARAMS[]
# Number of cameras: 31
186 PINHOLE 1280 720 688.38025954877685 1488.2073616704174 640 360
185 PINHOLE 1280 720 635.62310604321419 1158.4602650222889 640 360
51 PINHOLE 1280 720 708.91971215818398 902.3603608206912 640 360
50 PINHOLE 1280 720 714.71465491357378 945.57326985500913 640 360
49 PINHOLE 1280 720 723.73557244183246 994.39703197538324 640 360
48 PINHOLE 1280 720 732.65250501164758 1057.970895240735 640 360
47 PINHOLE 1280 720 745.11748940381449 1109.2424097374551 640 360
46 PINHOLE 1280 720 764.36265715142838 1181.7561546068691 640 360
45 PINHOLE 1280 720 782.81723276824664 1256.9063754028812 640 360
44 PINHOLE 1280 720 800.39637923195187 1339.1411127234851 640 360
43 PINHOLE 1280 720 788.66446425445247 1441.0182699802524 640 360
41 PINHOLE 1280 720 798.69070727030783 1703.0303626333646 640 360
40 PINHOLE 1280 720 798.77497304849737 1670.8378619067971 640 360
52 PINHOLE 1280 720 706.07216324586113 859.09019810977998 640 360
39 PINHOLE 1280 720 790.39288346212049 1617.5709249526976 640 360
184 PINHOLE 1280 720 659.31491784308537 1105.6988316669924 640 360
53 PINHOLE 1280 720 704.81596478075244 824.64826142874142 640 360
54 PINHOLE 1280 720 705.12111583348508 790.76263965420867 640 360
55 PINHOLE 1280 720 711.5195991705732 782.23640395454754 640 360
56 PINHOLE 1280 720 721.47389515619795 772.83735208847099 640 360
174 PINHOLE 1280 720 162.76606547801586 138.4280180849432 640 360
57 PINHOLE 1280 720 743.05134274824275 627.00441606443815 640 360
175 PINHOLE 1280 720 166.83356366428751 158.84790696176037 640 360
176 PINHOLE 1280 720 171.76310127851639 179.42368210485887 640 360
177 PINHOLE 1280 720 177.77071890416917 196.90202844178057 640 360
178 PINHOLE 1280 720 195.22586659178347 221.61001656315264 640 360
179 PINHOLE 1280 720 183.31501134874816 206.03089554555467 640 360
180 PINHOLE 1280 720 220.31897458592266 249.87555498595901 640 360
181 PINHOLE 1280 720 241.19022711978985 289.52087613623399 640 360
182 PINHOLE 1280 720 778.86348571554151 1427.8620162387749 640 360
183 PINHOLE 1280 720 714.26207742050269 1299.5949835262495 640 360
