# Camera list with one line of data per camera:
#   CAMERA_ID, MODEL, WIDTH, HEIGHT, PARAMS[]
# Number of cameras: 85
207 PINHOLE 1280 720 918.68095706186682 918.17469534968075 640 360
205 PINHOLE 1280 720 922.85185882492215 920.26007887217156 640 360
172 PINHOLE 1280 720 537.26178388780841 536.73866444438761 640 360
171 PINHOLE 1280 720 537.53378590632133 536.96139793455416 640 360
170 PINHOLE 1280 720 537.48544905670076 536.37728612248247 640 360
169 PINHOLE 1280 720 537.36113272175214 535.87437009921723 640 360
168 PINHOLE 1280 720 537.3008504588438 535.98045791425022 640 360
167 PINHOLE 1280 720 538.22228818669316 537.33964398343164 640 360
166 PINHOLE 1280 720 538.22177318990202 537.33928442522097 640 360
165 PINHOLE 1280 720 538.22228818669305 537.33964398343164 640 360
164 PINHOLE 1280 720 537.53275822657542 537.46339655209454 640 360
163 PINHOLE 1280 720 537.62563192779123 536.1427992774926 640 360
162 PINHOLE 1280 720 538.1470862920562 537.12266994596132 640 360
161 PINHOLE 1280 720 538.07689526796912 537.01458285645947 640 360
160 PINHOLE 1280 720 538.83782098783468 537.91877506274966 640 360
159 PINHOLE 1280 720 538.17252122968239 537.04735304260566 640 360
158 PINHOLE 1280 720 538.78603017083526 537.64777849724453 640 360
157 PINHOLE 1280 720 538.62618332530542 537.60820424848157 640 360
70 PINHOLE 1280 720 539.82514999956356 538.18281443231319 640 360
129 PINHOLE 1280 720 539.64261044605462 542.53979618208518 640 360
69 PINHOLE 1280 720 538.34153336157499 537.18775913806905 640 360
128 PINHOLE 1280 720 539.32840413900476 542.59430635582385 640 360
68 PINHOLE 1280 720 538.14950080396443 536.99851201161061 640 360
127 PINHOLE 1280 720 539.73695545375415 542.82513090617704 640 360
67 PINHOLE 1280 720 538.66033108911688 537.60649071587909 640 360
126 PINHOLE 1280 720 540.0447484127792 546.19442405033874 640 360
66 PINHOLE 1280 720 538.50228635634016 537.63460686019971 640 360
125 PINHOLE 1280 720 539.51198948171759 543.39243268103405 640 360
65 PINHOLE 1280 720 538.17080692930199 537.23147305082853 640 360
124 PINHOLE 1280 720 539.35750817789835 542.94473452471755 640 360
122 PINHOLE 1280 720 539.19349123808058 543.14981906539629 640 360
63 PINHOLE 1280 720 538.22593532252051 537.55997981952123 640 360
64 PINHOLE 1280 720 538.2856676157727 537.36195948538705 640 360
123 PINHOLE 1280 720 539.28894413214289 542.9285272370505 640 360
121 PINHOLE 1280 720 539.24451287011766 542.78171015922135 640 360
62 PINHOLE 1280 720 538.49847562288619 537.81787987224959 640 360
120 PINHOLE 1280 720 539.37181376145213 542.26525621965902 640 360
61 PINHOLE 1280 720 538.05197553413291 537.2608147135129 640 360
119 PINHOLE 1280 720 539.71611860390874 542.14799865208454 640 360
60 PINHOLE 1280 720 538.4712766356912 537.83117198203001 640 360
59 PINHOLE 1280 720 538.38266671975282 538.03837344087344 640 360
173 PINHOLE 1280 720 537.45512930642712 537.20899967407934 640 360
46 PINHOLE 1280 720 536.59431884151036 534.42915970174454 640 360
174 PINHOLE 1280 720 537.0705904409416 536.8796163049692 640 360
47 PINHOLE 1280 720 536.25688522727819 534.11154874727185 640 360
175 PINHOLE 1280 720 536.86349364106422 536.76402740094431 640 360
48 PINHOLE 1280 720 537.16448148867005 535.27366351457488 640 360
176 PINHOLE 1280 720 537.03558167759081 536.84947133124319 640 360
49 PINHOLE 1280 720 537.1143766837032 535.64168992977307 640 360
177 PINHOLE 1280 720 536.68975017111779 536.3804802625225 640 360
50 PINHOLE 1280 720 538.10894923168928 536.8961995160098 640 360
178 PINHOLE 1280 720 536.19174291858462 536.15182345503626 640 360
51 PINHOLE 1280 720 538.16569151307499 537.11868382357295 640 360
179 PINHOLE 1280 720 535.78212844389407 535.64572148033415 640 360
52 PINHOLE 1280 720 538.0268955060792 537.14496093887203 640 360
180 PINHOLE 1280 720 536.14080721625714 535.83735579198833 640 360
53 PINHOLE 1280 720 537.74032523219239 536.85277412357925 640 360
54 PINHOLE 1280 720 537.9217393767243 537.14748512515553 640 360
55 PINHOLE 1280 720 537.65239128936992 536.86462410402851 640 360
56 PINHOLE 1280 720 537.20976077157161 535.74569221438458 640 360
57 PINHOLE 1280 720 537.3702170645937 536.22818500138021 640 360
58 PINHOLE 1280 720 538.30318990178648 537.73188228618449 640 360
130 PINHOLE 1280 720 539.70937159855816 543.1321534637683 640 360
135 PINHOLE 1280 720 539.91847844464201 543.04058661008401 640 360
136 PINHOLE 1280 720 540.35011776776059 543.79327687554076 640 360
137 PINHOLE 1280 720 539.90964650473143 542.99318970431614 640 360
138 PINHOLE 1280 720 539.89305827801888 543.31754284757289 640 360
139 PINHOLE 1280 720 539.82182995795597 543.47898833802924 640 360
140 PINHOLE 1280 720 539.61764168892819 543.70664686555892 640 360
141 PINHOLE 1280 720 540.12282957469927 543.39814136723976 640 360
142 PINHOLE 1280 720 540.01372028973879 543.87762015000362 640 360
143 PINHOLE 1280 720 538.86754670488324 542.3559437738171 640 360
144 PINHOLE 1280 720 539.55230311834919 542.55711174788541 640 360
145 PINHOLE 1280 720 539.97433893736797 541.62536605005414 640 360
146 PINHOLE 1280 720 539.73695320316608 541.66170782953384 640 360
147 PINHOLE 1280 720 539.45163091893426 541.04083812490012 640 360
148 PINHOLE 1280 720 539.39367517535243 541.26820733400837 640 360
149 PINHOLE 1280 720 538.32723319957904 538.98681171964608 640 360
150 PINHOLE 1280 720 538.73524584066331 540.25913026474166 640 360
151 PINHOLE 1280 720 538.36101326667199 539.32383811251418 640 360
152 PINHOLE 1280 720 539.22274172897505 540.64472670746773 640 360
153 PINHOLE 1280 720 539.25844603519749 540.16557043090438 640 360
154 PINHOLE 1280 720 539.06606158754892 539.32716255721073 640 360
155 PINHOLE 1280 720 539.10160097562107 539.28228534702998 640 360
156 PINHOLE 1280 720 539.45409934008194 539.00271857461075 640 360
