# Camera list with one line of data per camera:
#   CAMERA_ID, MODEL, WIDTH, HEIGHT, PARAMS[]
# Number of cameras: 169
208 PINHOLE 1280 720 901.75829874182637 907.09875559290424 640 360
207 PINHOLE 1280 720 917.61931440351077 911.3167050763476 640 360
206 PINHOLE 1280 720 929.10938012759357 930.26382225596194 640 360
205 PINHOLE 1280 720 934.06990439054243 927.09622056885428 640 360
185 PINHOLE 1280 720 1358.6045084586112 1353.3222513842177 640 360
184 PINHOLE 1280 720 1360.0145409528523 1358.4392525656333 640 360
183 PINHOLE 1280 720 1360.0145409528527 1358.4392525656338 640 360
182 PINHOLE 1280 720 1360.0145409528527 1358.4392525656338 640 360
181 PINHOLE 1280 720 1380.6606007096425 1381.0323750256794 640 360
180 PINHOLE 1280 720 1359.5843348108722 1360.0529166969113 640 360
179 PINHOLE 1280 720 1362.8289976282233 1366.1191191784364 640 360
178 PINHOLE 1280 720 1370.8102545365596 1374.4698014568085 640 360
177 PINHOLE 1280 720 1366.6726181906713 1373.166519277557 640 360
176 PINHOLE 1280 720 1369.5701577538277 1371.5289362788092 640 360
175 PINHOLE 1280 720 1375.4517772762251 1383.3721021146248 640 360
174 PINHOLE 1280 720 1378.0796370913272 1388.1126024133412 640 360
173 PINHOLE 1280 720 1376.6772733906369 1386.6531325545504 640 360
172 PINHOLE 1280 720 1378.3676008862631 1386.7806684042846 640 360
171 PINHOLE 1280 720 1375.5293996656951 1382.7752947125803 640 360
170 PINHOLE 1280 720 1372.6661690121844 1380.2075340968029 640 360
169 PINHOLE 1280 720 1372.7839729558159 1379.8654274842031 640 360
168 PINHOLE 1280 720 1371.3800053376979 1377.5409788075415 640 360
167 PINHOLE 1280 720 1373.3083527372803 1376.7354408226408 640 360
166 PINHOLE 1280 720 1376.9469704604771 1378.7750372719811 640 360
165 PINHOLE 1280 720 1372.1925599086721 1369.9742309847336 640 360
164 PINHOLE 1280 720 1371.5019799107927 1368.0077855505074 640 360
163 PINHOLE 1280 720 1367.265401789713 1361.6730801594754 640 360
162 PINHOLE 1280 720 1359.3903521329214 1354.7437644367508 640 360
161 PINHOLE 1280 720 1359.2570447715595 1355.9812254828976 640 360
160 PINHOLE 1280 720 1356.2087403956396 1354.1966387160264 640 360
159 PINHOLE 1280 720 1349.3992830958796 1347.1607206422102 640 360
158 PINHOLE 1280 720 1350.9439607701181 1345.8415352132627 640 360
157 PINHOLE 1280 720 1354.2020779147274 1346.4872985062379 640 360
156 PINHOLE 1280 720 1360.9442258405725 1352.7151691438282 640 360
155 PINHOLE 1280 720 1362.7343702498756 1355.6318769427435 640 360
154 PINHOLE 1280 720 1362.7343702498756 1355.6318769427423 640 360
153 PINHOLE 1280 720 1363.4129806372935 1359.3783779634791 640 360
152 PINHOLE 1280 720 1363.0287828366218 1356.2128158998407 640 360
151 PINHOLE 1280 720 1370.5473354305607 1364.3981477257003 640 360
150 PINHOLE 1280 720 1369.926706350994 1361.2546658682222 640 360
145 PINHOLE 1280 720 1363.1929796144373 1371.6287579197824 640 360
144 PINHOLE 1280 720 1361.2671619867053 1370.4657267504476 640 360
59 PINHOLE 1280 720 1370.4307913311827 1374.6453806223926 640 360
58 PINHOLE 1280 720 1370.9120593765249 1376.109136888007 640 360
57 PINHOLE 1280 720 1370.9120593765247 1376.109136888007 640 360
56 PINHOLE 1280 720 1363.3509586028256 1367.8199813396834 640 360
55 PINHOLE 1280 720 1351.2594559027636 1352.2617584513298 640 360
54 PINHOLE 1280 720 1351.2584752558857 1352.2661598014063 640 360
53 PINHOLE 1280 720 1355.9698519443939 1355.1604168980762 640 360
52 PINHOLE 1280 720 1353.3325534073654 1355.7550953733144 640 360
51 PINHOLE 1280 720 1362.5328469089252 1360.6234977740428 640 360
50 PINHOLE 1280 720 1362.7537567015434 1360.2006582465306 640 360
49 PINHOLE 1280 720 1375.6897636398533 1368.31638684839 640 360
48 PINHOLE 1280 720 1368.3197287674413 1360.7888460206352 640 360
47 PINHOLE 1280 720 1370.5086202643647 1361.8434603955855 640 360
46 PINHOLE 1280 720 1358.3916505063426 1350.3492455008818 640 360
72 PINHOLE 1280 720 1360.9804225743774 1368.5511809338218 640 360
13 PINHOLE 1280 720 1377.1729274535578 1369.3730375599041 640 360
140 PINHOLE 1280 720 1411.4458048684955 1419.4322576127172 640 360
42 PINHOLE 1280 720 1357.6772601538194 1348.5620781467421 640 360
71 PINHOLE 1280 720 1353.5764082044575 1355.0411086818074 640 360
12 PINHOLE 1280 720 1374.1336771173949 1369.4177006042391 640 360
139 PINHOLE 1280 720 1408.8618045753931 1424.0420428183527 640 360
41 PINHOLE 1280 720 1351.6301387560063 1343.1497069676625 640 360
70 PINHOLE 1280 720 1284.5495325137299 1313.5002120077754 640 360
11 PINHOLE 1280 720 1369.7051999377784 1369.5691807891794 640 360
138 PINHOLE 1280 720 1386.4787380011267 1401.6111814865756 640 360
40 PINHOLE 1280 720 1357.5934619637521 1351.9527276149327 640 360
69 PINHOLE 1280 720 1328.239397491659 1338.7439187952639 640 360
10 PINHOLE 1280 720 1372.7624186054568 1372.4045200524813 640 360
137 PINHOLE 1280 720 1389.1568887481874 1405.2544386887375 640 360
68 PINHOLE 1280 720 1355.7283266310294 1351.576356720313 640 360
9 PINHOLE 1280 720 1369.2588970066563 1368.8585444852984 640 360
136 PINHOLE 1280 720 1385.2156326456854 1401.3482793105568 640 360
67 PINHOLE 1280 720 1364.8577744974527 1342.1921879492636 640 360
8 PINHOLE 1280 720 1368.5830436213205 1367.3444494251271 640 360
135 PINHOLE 1280 720 1388.1671725409699 1418.2361346299856 640 360
66 PINHOLE 1280 720 1423.6626132742213 1398.2198723724232 640 360
7 PINHOLE 1280 720 1367.6416312823119 1366.7176357377593 640 360
134 PINHOLE 1280 720 1384.2467741154542 1402.729524874271 640 360
65 PINHOLE 1280 720 1341.4722620325413 1332.10417743625 640 360
6 PINHOLE 1280 720 1367.8769999118344 1367.7096293569646 640 360
133 PINHOLE 1280 720 1284.6531085484253 1272.3642998936518 640 360
64 PINHOLE 1280 720 1385.3303877674559 1372.6966824054487 640 360
5 PINHOLE 1280 720 1368.0325172197554 1367.9867875896123 640 360
132 PINHOLE 1280 720 1383.5565605453087 1393.2967489075638 640 360
63 PINHOLE 1280 720 1376.5933599740677 1373.9560778260579 640 360
4 PINHOLE 1280 720 1366.8487328069973 1366.5223882308157 640 360
131 PINHOLE 1280 720 1408.8800066052231 1427.9032301739269 640 360
62 PINHOLE 1280 720 1373.2803803017721 1374.9344077079138 640 360
3 PINHOLE 1280 720 1366.6802639554271 1365.3695522151847 640 360
130 PINHOLE 1280 720 1385.53296877926 1403.8357534020449 640 360
61 PINHOLE 1280 720 1371.6785187489361 1373.7571331910106 640 360
2 PINHOLE 1280 720 1370.9202823295443 1369.0773298210956 640 360
129 PINHOLE 1280 720 1387.1340831509826 1405.964853253191 640 360
60 PINHOLE 1280 720 1370.030507677325 1373.1537523689649 640 360
1 PINHOLE 1280 720 1370.9202823295443 1369.0773298210956 640 360
128 PINHOLE 1280 720 1378.1293885189004 1392.2147487687982 640 360
73 PINHOLE 1280 720 1360.7644705816306 1365.1985939392491 640 360
14 PINHOLE 1280 720 1377.1311586277238 1369.6201922368978 640 360
141 PINHOLE 1280 720 1388.2648210610275 1395.2252000842768 640 360
43 PINHOLE 1280 720 1361.8331200211039 1355.2066536709017 640 360
74 PINHOLE 1280 720 1371.9379658159837 1376.7955512604701 640 360
15 PINHOLE 1280 720 1380.9052216951839 1374.6098492331414 640 360
142 PINHOLE 1280 720 1374.5824604228039 1384.0068232194799 640 360
44 PINHOLE 1280 720 1357.2208088335587 1349.8545214489204 640 360
75 PINHOLE 1280 720 1372.394994986865 1376.0402938771404 640 360
16 PINHOLE 1280 720 1384.1869340631915 1377.2509140008251 640 360
143 PINHOLE 1280 720 1373.7142046096603 1381.2426846488572 640 360
45 PINHOLE 1280 720 1360.1963411955408 1352.1535536147569 640 360
17 PINHOLE 1280 720 1388.2712150545126 1381.4450430180239 640 360
18 PINHOLE 1280 720 1413.3740237344275 1434.5798998201287 640 360
19 PINHOLE 1280 720 1413.3740237344255 1434.5798998201276 640 360
20 PINHOLE 1280 720 1444.6266319471915 1611.0974195134654 640 360
21 PINHOLE 1280 720 1536.89595664735 1603.3078201106075 640 360
22 PINHOLE 1280 720 1582.307898815202 1735.2486234685073 640 360
23 PINHOLE 1280 720 1689.1978942469325 2219.9411479259807 640 360
76 PINHOLE 1280 720 1370.101765381876 1371.5382928527442 640 360
77 PINHOLE 1280 720 1375.5188109802623 1375.380428296636 640 360
78 PINHOLE 1280 720 1377.2105486844241 1378.3677658725669 640 360
79 PINHOLE 1280 720 1378.720935015474 1381.6385778778383 640 360
80 PINHOLE 1280 720 1375.0894707555444 1375.6427973043756 640 360
81 PINHOLE 1280 720 1378.2009237453756 1377.3271751878251 640 360
82 PINHOLE 1280 720 1371.8536219112968 1372.8576269030555 640 360
83 PINHOLE 1280 720 1374.781177795275 1374.3227466501962 640 360
84 PINHOLE 1280 720 1375.239997422334 1376.1311773775731 640 360
85 PINHOLE 1280 720 1377.7305498585804 1378.0828855221725 640 360
86 PINHOLE 1280 720 1381.4168927193402 1381.96347678846 640 360
87 PINHOLE 1280 720 1377.8273198585719 1380.4091118291831 640 360
88 PINHOLE 1280 720 1374.7747451705168 1371.5186702136643 640 360
89 PINHOLE 1280 720 1379.6833473393715 1375.6685135299183 640 360
90 PINHOLE 1280 720 1389.9007378213382 1382.8532097148163 640 360
91 PINHOLE 1280 720 1367.8740402337066 1361.7764408475894 640 360
92 PINHOLE 1280 720 1373.0133672990692 1368.3173432302658 640 360
93 PINHOLE 1280 720 1379.5192825467741 1375.8368252881339 640 360
94 PINHOLE 1280 720 1385.0911372773915 1378.2038518185223 640 360
95 PINHOLE 1280 720 1394.828211329097 1393.2514736407697 640 360
96 PINHOLE 1280 720 1407.7115074998078 1407.6984795497742 640 360
97 PINHOLE 1280 720 1415.5743174270085 1403.5469287573169 640 360
98 PINHOLE 1280 720 1413.5774278125291 1401.5633394391132 640 360
99 PINHOLE 1280 720 1411.666171464032 1397.2721508600778 640 360
100 PINHOLE 1280 720 1408.2791577896253 1397.4912525722625 640 360
101 PINHOLE 1280 720 1394.5072398182087 1381.2586453945069 640 360
102 PINHOLE 1280 720 1382.8529348173533 1365.8751843287243 640 360
103 PINHOLE 1280 720 1372.0790966669674 1347.2696065904961 640 360
104 PINHOLE 1280 720 1376.6344910655625 1352.3521396828748 640 360
105 PINHOLE 1280 720 1413.6029921130919 1387.0641827095626 640 360
106 PINHOLE 1280 720 1467.6721624189302 1442.3603086720616 640 360
107 PINHOLE 1280 720 1413.1661127181933 1382.2791298576506 640 360
108 PINHOLE 1280 720 1458.006736550783 1430.5301046763313 640 360
109 PINHOLE 1280 720 1334.4138695093698 1303.7836931532602 640 360
110 PINHOLE 1280 720 1285.862576997125 1254.4538609279332 640 360
111 PINHOLE 1280 720 1285.862576997125 1254.4538609279343 640 360
112 PINHOLE 1280 720 1282.8121714623662 1265.3890591993659 640 360
113 PINHOLE 1280 720 1359.5121858882878 1339.3211639877222 640 360
114 PINHOLE 1280 720 1349.0223069289145 1334.9523438812073 640 360
115 PINHOLE 1280 720 1348.1056891671687 1341.1133020339885 640 360
116 PINHOLE 1280 720 1348.7670866624674 1346.4616341740834 640 360
117 PINHOLE 1280 720 1352.4962188323611 1346.8951781538749 640 360
118 PINHOLE 1280 720 1387.5144662016535 1424.0864283893789 640 360
119 PINHOLE 1280 720 1379.9586724519693 1393.1461293662212 640 360
120 PINHOLE 1280 720 1382.0654881528121 1393.7720484762187 640 360
121 PINHOLE 1280 720 1386.0510383677745 1395.5934742141712 640 360
122 PINHOLE 1280 720 1363.7483401525747 1372.7321995265816 640 360
123 PINHOLE 1280 720 1384.4979841499064 1396.6488441499127 640 360
124 PINHOLE 1280 720 1382.8837332368244 1396.3370837757416 640 360
125 PINHOLE 1280 720 1385.0686939306886 1397.476934465127 640 360
126 PINHOLE 1280 720 1385.1386237024392 1397.5994900736919 640 360
127 PINHOLE 1280 720 1386.1135876177 1401.1450743591333 640 360
