# Camera list with one line of data per camera:
#   CAMERA_ID, MODEL, WIDTH, HEIGHT, PARAMS[]
# Number of cameras: 26
176 PINHOLE 1280 720 1104.6152392539393 237.22009106007465 640 360
175 PINHOLE 1280 720 1111.3834492921021 238.99203102738716 640 360
174 PINHOLE 1280 720 1117.4127751882183 240.84280969081695 640 360
173 PINHOLE 1280 720 1124.8572522981165 242.88071255228439 640 360
172 PINHOLE 1280 720 1131.6644160257742 244.80851865855351 640 360
171 PINHOLE 1280 720 1137.9960163380524 246.80052261078532 640 360
170 PINHOLE 1280 720 1145.1419007036393 248.95517361509025 640 360
169 PINHOLE 1280 720 1152.2844056315359 250.97340313607202 640 360
168 PINHOLE 1280 720 1157.8492496718472 252.79231054960977 640 360
167 PINHOLE 1280 720 1164.912993302944 254.86697211781507 640 360
166 PINHOLE 1280 720 1171.9019834147452 256.92792730808952 640 360
177 PINHOLE 1280 720 1098.3242142756631 235.35775826361467 640 360
61 PINHOLE 1280 720 235.0726375740729 234.21320875145418 640 360
165 PINHOLE 1280 720 1179.4279442115835 258.99310741177067 640 360
178 PINHOLE 1280 720 1093.1021854179032 233.81630822529556 640 360
62 PINHOLE 1280 720 233.97288040189005 234.29244144449416 640 360
63 PINHOLE 1280 720 232.66243315390054 234.02361556170175 640 360
64 PINHOLE 1280 720 231.90618869475423 234.41588097185146 640 360
65 PINHOLE 1280 720 230.08038126913823 233.54786800375717 640 360
66 PINHOLE 1280 720 229.24165397690803 233.70428113807799 640 360
67 PINHOLE 1280 720 227.8502496482208 233.42000181898004 640 360
68 PINHOLE 1280 720 226.68036380141561 233.1779985844139 640 360
69 PINHOLE 1280 720 225.57879282753851 233.04206504570649 640 360
70 PINHOLE 1280 720 224.29747502742683 232.97417259283148 640 360
71 PINHOLE 1280 720 221.58133460595639 232.18645800677717 640 360
164 PINHOLE 1280 720 1186.3985197795755 260.95980097478372 640 360
