# Camera list with one line of data per camera:
#   CAMERA_ID, MODEL, WIDTH, HEIGHT, PARAMS[]
# Number of cameras: 21
108 PINHOLE 1280 720 1000.3320600563238 2720.9088950814512 640 360
107 PINHOLE 1280 720 1258.9450307766904 2556.9868097630342 640 360
106 PINHOLE 1280 720 2842.4463976061634 2545.0933251656397 640 360
105 PINHOLE 1280 720 2589.3449565832989 2369.574093007956 640 360
104 PINHOLE 1280 720 2618.279225698298 2176.219384718042 640 360
103 PINHOLE 1280 720 2509.8269333932544 2018.8437716326662 640 360
102 PINHOLE 1280 720 2620.4872552553643 2094.5556772750797 640 360
101 PINHOLE 1280 720 2722.3594408067556 2188.182287711174 640 360
88 PINHOLE 1280 720 1513.7144523868185 2637.4958575804053 640 360
89 PINHOLE 1280 720 1274.2247125020815 2201.6277503741676 640 360
90 PINHOLE 1280 720 1334.2431971928343 2265.1494083861621 640 360
91 PINHOLE 1280 720 1254.7411552916726 2116.2031779061176 640 360
92 PINHOLE 1280 720 1757.3294395686642 2862.7968063330027 640 360
93 PINHOLE 1280 720 2574.060136334137 3634.4272015144543 640 360
94 PINHOLE 1280 720 2347.6670300458209 3173.0420568203208 640 360
95 PINHOLE 1280 720 2377.9798470559413 2973.5575191258181 640 360
96 PINHOLE 1280 720 3848.910645395687 3146.8301628840095 640 360
97 PINHOLE 1280 720 3508.6812653139555 2854.930358889168 640 360
98 PINHOLE 1280 720 3217.132127575193 2611.1579371057924 640 360
99 PINHOLE 1280 720 2996.4087350464179 2439.1231629826025 640 360
100 PINHOLE 1280 720 2831.6346103205265 2303.1275233413403 640 360
