# 3D point list with one line of data per point:
#   POINT3D_ID, X, Y, Z, R, G, B, ERROR, TRACK[] as (IMAGE_ID, POINT2D_IDX)
# Number of points: 273, mean track length: 5.8241758241758239
354 3.3484949086415456 -1.3498427881342991 14.196139103495279 60 63 73 0.56518483459988689 101 1 106 0 108 0
337 -1.2713166579602919 1.5516517414385593 8.4608292679629891 0 0 0 1.4846860491899607 90 76 94 102 93 116
336 -1.4149844700405849 1.4575939575366545 8.1327429232477861 5 5 5 1.1026103084372236 94 77 91 70 88 53 93 84
325 0.14247277178561568 0.5225342028293497 10.796726351720904 51 51 51 0.4995559591709367 94 2 91 0 93 5
257 8.7267055581013935 4.0131062142623719 22.874837586105301 26 27 32 0.76983421489520776 99 169 103 158 97 128 102 152 105 157
256 13.694435956502875 4.731570244774411 28.507127679882135 71 71 72 0.8407799342377329 99 90 100 91 103 90 105 91 106 98 107 84
255 13.673235427422593 4.7286454613167281 28.470152797088847 71 71 72 0.73073620379717241 99 89 100 90 103 89 101 86 102 87 105 90 104 84 106 97 107 83
250 0.15027028182124116 -0.55647173791842619 10.336241745563745 42 44 51 0.4264275707986151 97 144 98 144 99 161 100 152 103 150 101 145
249 2.4155960236657812 -0.52351236373938259 13.305744716601549 26 26 26 1.421844060614067 95 101 100 120 103 120 93 94
248 2.4155960236657812 -0.52351236373938259 13.305744716601549 26 26 26 1.421844060614067 95 100 100 119 103 119 93 93
247 13.14140486430987 4.0177412654704643 27.903302192233532 124 124 124 1.3230554509744796 99 116 100 108 103 108 101 106 102 99 105 105 104 99 106 114 107 118
245 0.38413098028035603 -0.71856886132154651 11.377924578273035 42 44 51 1.2807140473843877 96 60 97 71 103 97 101 95
241 12.556405763455979 1.2866452056528728 26.110337858922577 210 210 210 0.93296479372663199 99 79 100 81 103 87 101 82 102 83 104 80 107 81 108 69
240 11.782107489211731 0.71519191239411217 25.05234382417084 198 198 198 2.6054355580966648 99 78 103 85 102 81 105 117 107 112 104 78 108 104
238 11.184873197392758 3.7168598862819278 25.355844805248573 78 78 79 1.4517593587474416 99 60 100 68 97 52 103 74 102 73 105 67 104 52 106 82 104 74 107 71
236 14.158629996147678 4.4939497596796434 29.148506524022732 74 74 75 1.1344454174610878 99 62 103 59 101 74 102 72 104 51 106 81 107 70
153 4.61661869763455 -1.5073760551908111 15.893321692572449 50 49 56 0.77586760566267488 95 57 96 73 98 68 97 66 99 64 100 69 103 76 101 75 102 74 104 85
63 -2.7053604954365795 1.0711111006876293 7.4534231359241492 60 72 72 0.53526388731220254 92 52 94 55 95 90 93 60
320 10.546077693917786 0.46898439480285853 23.449697242337798 118 120 124 1.5313917859153503 107 96 104 91 102 93 108 79
66 1.1637398758719169 -0.9531444785438965 11.642135039203318 117 120 130 1.0121247149275368 95 76 92 58 94 60 96 92 98 88 97 70 99 68 100 73 93 68
72 -0.83194664127738727 0.75879987927362025 9.4560927681337432 59 62 72 1.8420882341706313 90 85 95 113 92 85 94 90 96 133 98 128 97 123 99 154 100 144 91 89 88 77 89 73 93 100
82 0.74474057300465812 1.0186388250994713 11.443280159456027 25 26 29 1.4498622034585225 95 140 92 116 94 122 96 156 98 152 97 149 93 135 99 165
85 1.0855897279794147 -1.5987245284981544 11.243762830224126 231 231 231 1.3530761553763917 90 47 92 40 90 20 94 35 93 28 91 46
343 1.0588562633025962 0.84973422528358911 11.830716008278912 86 80 76 2.1462977752233265 90 101 91 111 105 152
86 1.0902144460376653 -1.5369216317565415 11.29226893314037 59 62 72 1.0958864766131908 90 48 92 41 90 21 91 26 93 29
89 1.0457428474785353 -0.89857734469618267 11.539764467535353 63 66 77 1.8030838255322694 90 53 92 59 94 61 96 93 91 48 93 69
349 1.1428908135927287 -0.97307674238018504 11.6604393513913 135 139 150 1.2232144239107019 90 51 91 28 92 57
92 1.3515328437069081 -0.1408124866627421 11.970921355127805 83 86 97 1.049573208915449 92 90 94 95 99 163 100 154 103 152 101 146 102 140 93 104
94 0.17937276397595314 0.62648928118702163 10.729602796415614 32 32 32 1.2767829352370774 90 84 92 95 97 117 103 139 101 139 89 75 93 111
98 3.4221172298901301 -0.57306573497182145 14.535251716446455 199 199 199 0.56478767565430144 95 0 94 4 96 8
106 0.86604475326248764 -1.2231187493608027 11.233319290151544 60 62 71 1.3958510967066478 96 47 100 27 101 53 102 56 94 23 93 17
363 12.605225794429661 4.1712017424022356 27.082354364080437 0 0 0 0.56854759320937787 103 29 104 53 105 45 106 58 107 58
107 4.2693595855113413 0.1699818938608951 15.744697566679921 79 79 79 1.4948739159733075 95 34 94 28 96 50 98 44 97 56 99 34 100 56 103 54 101 31 102 68 105 73 106 72 108 52
114 -3.2430187396685426 1.4204196396865654 6.9812898384621489 64 70 79 0.98405990482850092 92 37 94 56 93 63
115 2.0152810145881017 -1.6826229127637833 12.589266701213829 193 194 196 0.3330754164647951 92 56 94 58 93 65
372 14.10710970972006 4.0225983975164255 29.271942587227901 0 0 0 1.2190952701892903 102 97 103 105 105 104 106 139 107 116
116 3.2167062010676335 -1.3124910533133582 14.133800668637056 109 107 107 0.64670603467366261 95 74 94 59 96 74 97 67 100 70 103 78 102 76 106 100
119 -1.1387845907304057 0.4792488937019434 9.0857527123977455 130 130 130 0.65939985348114338 95 84 94 69 96 103 88 46 89 57 93 74
121 -3.0741240465355979 1.3008560804397218 7.2357680227062913 48 59 65 0.46576705960382253 90 44 94 76 93 62
123 3.6627095482537779 -1.0360963664760958 14.753384779131023 113 112 116 0.75916497084949164 95 96 94 80 96 116 98 108 99 127 100 110 103 114 101 112 102 108
124 3.6627095482537779 -1.0360963664760958 14.753384779131023 113 112 116 0.75916497084949164 95 97 94 81 96 117 98 109 99 128 100 111 103 115 101 113 102 109
381 11.754493758072174 -1.7798867183796077 25.185855501644134 231 231 231 1.7968658201292325 105 93 101 90 107 88 106 101
156 4.7664393656845316 -1.4449613005162247 16.101917788099126 120 119 124 0.79946232483960111 95 75 96 91 98 69 97 68 99 65 100 71 103 77 101 76 102 75 104 86
118 4.4234398980890512 0.24954136424140458 15.885484108276781 0 0 0 1.5840471554055036 95 81 94 68 96 100 103 86 101 81 102 82 105 85 104 93 106 106 107 97 108 95
127 3.7210659121059009 0.31187630570841668 15.038937561162006 59 62 72 1.7765919783324224 95 108 94 98 96 123 98 118 97 105 103 126 101 120 102 119 105 120 104 113 106 154 107 125 108 105
387 4.4269917377237205 0.12840048241787089 15.897742248723707 46 46 46 0.84244743160130175 106 9 107 3
130 2.7916753009986159 -1.5057856782781294 13.547239485604683 160 161 165 0.55860861943424744 95 124 94 107 96 139
397 12.958424749806426 0.858934367780535 26.828994433181634 192 192 192 2.6597265049411809 103 37 107 53 108 53
140 4.9131943412812902 -1.2885933749765681 16.2029387500199 73 74 85 1.3684415537303161 95 23 96 32 98 19 102 15
398 13.760000989989207 1.7178470386878104 27.889350450717338 163 163 163 1.8083464977383823 106 38 108 32
141 4.4291828050223163 0.14160631859022302 15.927047936759786 45 45 45 1.0229345411988722 95 27 96 36 98 31 97 29 99 23 100 20 103 23 101 30 102 30 105 56 104 44 106 49 107 52 108 44
399 5.6796100439893618 0.20593389272016191 17.48209164011736 59 62 72 1.7812916833933214 106 70 107 64
400 12.229622199323037 1.2433137568920163 26.08396312066068 163 166 176 2.0842594255518314 106 74 107 66 108 55
143 0.086511131258920446 0.48249556557531098 10.576005830625101 48 48 48 1.2344648276487686 90 5 96 40 98 33 97 38 99 37 100 64 101 69
401 0.83060881352261962 -1.206901627079515 11.253593371757416 103 104 111 2.2308265120081079 102 42 108 72
144 -2.4985113381351907 0.92712958632271891 7.5034637324085365 118 118 118 0.3562419487170061 95 29 96 43 93 8
402 2.2660572372296661 -0.94498690012504294 12.915059095069646 43 43 43 1.0399835885511317 104 55 106 59 107 74 108 59
145 -2.4985113381351907 0.92712958632271891 7.5034637324085365 118 118 118 0.3562419487170061 95 30 96 44 93 9
404 1.4568781642914266 -0.78777810277730553 11.921668407767102 170 172 178 1.5583994041806712 106 86 107 77
147 4.8171577060641457 0.10377723063708433 16.433788046487248 86 86 86 1.063335052431952 95 48 96 49 98 43 97 28 106 48 107 50
406 5.7545174913483006 -1.3780826853177064 17.277429103944364 72 76 88 0.53703645975041248 106 84 107 87
149 4.9242717214338443 -1.6110439710601108 16.230336834349796 189 187 188 0.75560384904380429 95 46 96 59 98 53 97 53
27 -0.066746088402749107 0.69882347874316697 10.438129119911283 130 130 130 1.0008399334290643 95 88 90 64 92 66 94 73 96 110 98 104 97 97 99 113 100 107 103 110 102 104 91 56 88 51 89 48 93 78
154 1.5027274392803223 -1.1754356738315219 12.877627358735216 59 62 72 1.381914894188081 96 75 98 87 97 69 99 67 100 72 103 80 103 92 101 91 105 95 102 77
411 3.2903533404246201 0.029967837050976054 14.380514064292779 61 63 72 1.0180233778712751 104 92 106 133 107 111 108 93
408 21.844244738278491 3.9217765205461377 39.191282825349461 94 96 101 0.51841233521384167 104 96 107 101
151 5.0805953161275399 0.1128044259954117 16.62154807412993 80 81 81 1.8284948654893807 95 60 96 63 98 77 97 78 99 48 100 54 103 70 101 64 102 63 105 71 104 79 106 92
28 -0.71823631404108201 0.86505011928890196 9.4083851755519881 116 122 139 1.1399887555863624 90 88 92 97 94 100 91 91 88 78 89 92 93 101
155 -1.2881336129143783 0.40415312656896141 8.8459382048463446 35 35 36 1.3636281968469388 95 65 96 86 98 82
409 1.7157500528019247 -0.76907418588606413 12.250941217857642 68 67 67 1.5079739576772819 106 124 107 105 108 85
152 -1.7030566743803366 0.45113815910064226 8.4427804999101763 76 78 81 0.87248396291926256 96 67 98 63 97 61 89 19 91 12 88 17
417 6.1140313115307094 0.22777178162368134 18.005018360094848 101 103 111 2.754153187200076 106 149 107 123 108 103
471 1.2940654374967169 -0.74752144798789311 11.736885655202338 62 65 75 0.63626960766087048 107 63 108 49
91 2.0185000422801562 -0.50450054045713233 12.713693805957309 25 25 25 0.91522073370274781 92 78 96 119 99 133 93 91
472 6.3591904831496153 0.58883535068894532 18.22342075642548 114 120 138 0.90412237124583705 107 65 108 54
215 -0.52569195517644063 0.51358918144234433 10.037969251431585 39 41 48 0.423318752993602 97 81 98 61 99 56 100 86
473 2.3702848665013261 -0.95576199151030294 13.05611253717535 18 18 18 0.75044873737942785 104 54 106 60 108 60
93 0.17937276397595314 0.62648928118702163 10.729602796415614 32 32 32 1.2767829352370774 90 83 92 94 97 118 103 140 101 140 89 74 93 110
474 6.1962386193803622 -1.1635153858695866 18.098797996815847 60 63 73 2.0293827029056053 107 75 108 62
217 10.515999748383237 0.82148065185099794 23.351025729380801 231 231 231 1.0687424698488182 97 113 99 146 100 135 103 133 101 134 104 126 108 113
99 0.31548327693309269 -0.67929506047161281 10.642181656089093 53 55 64 0.54133740208731429 95 8 94 5 96 14 97 16 93 3
356 0.88244227846428935 1.0001392618347367 5.8584029868948146 177 177 177 1.0336373611346832 101 35 105 46 106 42
480 3.2953695874158102 0.031875038240109045 14.373648836123751 61 63 72 0.080674204092812174 107 110 108 92
223 5.0557545557103767 0.18241179221500084 16.589001510321012 36 37 38 1.6640225032697316 95 28 96 38 97 45 100 19 98 24 99 16 103 36 101 43 102 51 105 55 104 31 106 27
484 5.1647287430998281 -1.5572024361030639 16.439397562913172 72 75 87 1.2351987236620476 106 146 108 108
425 12.928048523558234 1.5840815574265983 27.182937961004065 106 111 125 0.32356387534674402 106 108 107 98
104 -1.1896694644028152 0.55862133112482382 8.9866047740228083 39 39 39 0.96831448649327956 90 12 92 21 95 40 94 20 96 56 98 35 97 51 91 9 88 13 89 18 93 14
485 1.5007157521213315 -0.68635217186112907 11.913572235342471 195 195 195 0.26742609303331422 107 134 108 111
426 16.337284113424449 1.9644369054018784 31.818065826768169 188 188 188 1.4854901357418597 106 107 107 115 108 106
105 -2.1410145443937907 0.70065430552580654 7.9139380696183883 109 109 109 1.1698511361448989 92 14 94 21 96 42 88 12 89 13
362 11.414764581048011 3.8458660566415404 25.529573665074675 44 44 44 1.2236216001782687 100 46 101 36 104 39 106 57 99 61 103 47 105 44 97 65 102 40 107 57
486 1.4227327735382196 -0.46045275788963302 11.765446244873326 231 231 231 0.77537715159686238 107 135 108 112
427 12.834093411895468 1.3540909711332136 26.911841040296785 165 167 173 0.96641515314912652 106 37 107 14
110 0.27356051643174001 -0.64248049775930249 10.652231532863949 46 48 55 1.0766159673776954 95 58 94 37 98 91 93 45
491 1.8472153379752707 -0.61769239260661568 12.376104441077857 163 163 163 1.2549977894028559 107 46 108 41
432 5.9066355171553724 -1.148288900273984 17.580472488151717 70 73 85 0.62523286370708719 106 148 107 133
175 6.6417436556093765 -1.2860650796125273 17.902527497126627 135 138 151 0.9290181865553625 96 13 98 5 99 6 100 7
393 6.2738527368083474 -0.95182356327388684 18.158468051996454 95 99 111 0.70202872003402783 106 33 107 45
136 -2.3937324939880633 0.77571815962551971 7.6982858713356306 45 51 51 1.4838877241528612 90 98 92 111 94 120 91 106 88 95 89 89 93 132
520 -0.19342676380440543 0.68561046192147312 10.19757943690721 74 74 74 0.18026833685033683 88 41 89 39 93 58
6 -0.013745912177299749 0.50502012754794312 10.450081983627898 38 38 38 1.5989136588949757 95 38 90 27 92 27 94 31 96 55 98 34 99 38 100 65 99 54 101 72 93 24
263 -0.62672895277695939 0.86270534849156288 10.012751058263216 0 0 0 1.7683535948684532 97 63 99 86 100 109
461 2.3108632043121453 -0.94821340050293501 12.992454356545865 54 54 54 1.1117232735412403 107 0 108 1
204 5.0203403034366554 0.0297486177061509 16.454073195664744 39 40 42 1.2878140712770123 97 55 98 55 99 46 100 53 103 69 101 62 102 62 105 70 104 66 106 91
478 2.9717510827913682 -0.65159865256688876 13.788517282957221 41 41 41 2.5870175528199462 106 125 107 106 108 86
126 3.0620722249279106 -0.54500136358633078 14.064730692187744 41 41 41 0.73010824839521826 95 103 94 88 96 122 98 116 97 104 99 132 100 116 103 118 101 116 102 112 93 103
507 -0.36138935094205826 0.28321138793555634 10.017373333415646 68 72 82 1.2239589439668912 99 136 89 56 100 138 101 137
113 -1.4239110233023307 0.30129836119579673 8.7437163852998037 82 84 90 0.45966146462288382 90 31 92 42 94 45 91 30 88 34 93 47
494 0.31552336994181807 -0.60514549302633436 10.47948462685444 0 0 0 3.1401039098552168 106 88 107 92
109 -2.2453467743063076 0.78074062037936509 7.951007299136192 88 92 93 0.93761040241800675 90 13 92 28 94 33 91 16 88 20 93 25
490 2.3753877688678284 -0.95653492332641632 13.086583047983117 5 5 5 0.85589142921967043 107 29 108 26
233 1.3892801194221041 -0.77580057009914083 11.925240450975883 173 175 180 1.149734184239241 92 18 103 50 102 29
431 7.3211290633508117 -1.100805711406476 19.483579955862123 62 65 75 0.5272813452661389 106 123 107 122
174 4.5003767434658295 -1.263748153063444 15.813041278033898 59 61 70 1.263897521078913 95 7 98 4 100 0
519 -1.1405158990502517 0.53053540884446193 9.1140002704467715 85 85 85 0.27827497004114182 88 4 89 7
5 -0.046761392707675195 0.44625468104490229 10.412673309386561 48 48 48 1.174154452202584 95 37 90 19 92 25 94 30 96 39 97 37 91 15 88 21 89 29 93 22
460 -3.5699973356329449 1.6392723862962639 7.4678966430614864 174 174 174 0.25996897664826796 92 86 88 101
96 0.11580651885811248 0.95957113143187167 10.768095078516195 130 130 130 1.0935621274128808 90 102 91 110 88 102 89 93
477 3.1509054931195792 -1.2586892742738498 13.902139765494013 112 110 110 1.0500518897902367 104 87 107 86 108 73
125 3.0630465214533729 -0.54564789678793157 14.067270807478035 41 41 41 0.73591666793355059 95 102 94 87 96 121 98 115 97 103 99 131 100 115 103 117 101 115 102 111
506 -0.96666283025115907 0.42357233227024654 8.8885579680542595 0 0 0 0.82012937632613037 97 116 99 149 100 156 98 125
112 -2.0516498525039317 0.66858039663236235 8.08727901677746 71 81 80 1.7276440961639614 90 17 94 42 92 35 96 70 98 85 91 13 88 18 93 37 89 20 95 56
493 1.6115351945637217 -0.5963922677928436 12.106089967838683 41 41 41 1.6832357407044238 107 108 108 89
434 1.0048229255640331 0.62762972761170599 11.225254336721949 40 42 48 0.82936122225213882 90 6 91 8 88 9
177 4.5175186701702827 0.17208546737336039 15.744304653021786 40 40 40 1.14180343183036 96 37 98 32 97 30 99 24 100 35 103 52 101 29 102 50 105 34 104 32 106 36
108 4.583441714827428 0.18817770269745862 16.104052553012473 79 79 79 0.97838773465175743 95 49 94 29 98 45 97 46 99 35 100 36 103 53 102 67 100 57 105 57 106 71 108 68
489 15.029723349335098 2.1109034521707906 30.004311958795647 231 231 231 1.5524827951359588 107 127 108 119
430 1.3622346457731445 -0.95120711935223823 11.793329621372195 146 147 152 1.6179604015325377 106 167 107 120
173 -1.4860622024010977 1.6063837971568673 8.2411777777233368 0 0 0 2.0060604656697012 92 118 95 142 94 124 90 105 93 140
518 -1.1295790859605246 0.4120901708146969 9.0001098842582987 77 77 77 0.40381028766584315 88 3 89 6
4 -1.6194484214024061 0.39007918429571775 8.4646312799738155 79 82 83 1.4410770004709863 95 36 90 3 94 11 94 26 96 52 98 46 91 6 93 12 88 11
261 13.294970491179825 1.5360247321247114 26.970326083747484 180 180 180 1.3362145218978621 99 51 100 61 103 71 101 67 102 69 104 81 107 114 108 96
459 -3.3029267405221665 1.3218796566840281 7.3457163313515519 49 60 54 1.0922359813820464 90 100 91 109 92 115 88 98 89 72 89 91
202 6.4402708914603544 -1.0832548429352133 18.542853637464628 59 62 72 0.67332524463864651 97 43 98 41 99 29 100 29 103 33 101 38 102 45
521 -2.9143418937168799 1.0857550390829731 7.4655431826983758 62 64 63 0.37018095796489014 88 96 89 90
7 -0.9866780541211112 0.53352608327729611 9.2785574517064884 39 40 41 0.93102285847246546 95 39 90 18 92 26 92 34 94 32 91 14 88 19 89 17 96 41 93 23
264 0.12550593326504117 -0.62269966397607091 10.395512461085969 45 48 55 0.98853034667669137 94 36 98 90 93 44
111 -1.8029329640786744 0.50467597379114859 8.2763308303697158 75 81 81 0.38743685928427085 95 53 94 39 96 69 98 65 93 34
492 10.27115941861172 -1.3332385736609604 23.319407065782841 59 62 72 2.1592803587756122 107 76 108 63
235 -0.12987544421788316 0.46265009738438406 10.121948552590194 63 63 63 0.74494514723572891 99 36 103 58 100 23 101 50
433 -1.0718134040115448 0.53233834390303736 9.1665384240836971 43 43 43 0.42719005246721981 90 8 91 7 92 12 88 5 94 19 93 13
102 1.0434227525747646 -0.9311973662050107 11.513779823893973 69 72 84 0.54705936720141235 95 21 94 15 96 31
483 4.7317557503009837 -0.04482229834651489 16.301679487667027 122 122 122 2.3518157726606503 106 131 107 109 108 102
424 6.2160480135497114 -1.0388110108316164 18.153171125539732 55 58 67 1.4499224255790846 106 85 107 62 108 50
512 -0.15275450770206295 0.83731631829757214 10.105019950778706 130 130 130 1.6486784543294064 90 89 91 93 89 78
101 3.4771123603269998 -0.53210011846424299 14.540742122966524 193 194 196 1.034644379022071 95 9 94 10 96 16 96 26 98 23 97 14 103 12 103 22 101 19 102 18
482 5.7213612220371362 -1.2609182245943555 17.240547985355999 138 139 142 0.99020945159512364 107 104 108 100
225 10.230263851927813 4.441623878190911 24.797641901271518 59 62 72 0.58418916415728961 97 129 99 156 100 148 103 144 101 131 102 127 105 139
423 10.041461698164676 2.1530311434315972 23.640330711527827 64 67 77 1.2385011289361039 106 157 107 143 108 122
166 -0.50490621509268296 0.19362052583356534 9.7988863452678956 96 101 116 1.3059249360034917 95 134 96 149 93 127
511 0.049506498933298587 0.82516910273846045 10.757882173407143 3 3 3 0.7468838497848419 88 79 91 92 89 77
71 -0.84148700110049002 0.39647721711266248 9.4489647184761925 75 77 84 1.0394550146935642 95 109 92 83 94 89 96 124 91 50 88 62 89 55 93 98
452 -1.0657987330860403 0.71143595206146237 9.154660682839399 130 130 130 0.83521752698406726 91 87 92 93 88 75 89 70
195 4.9484593032042481 -1.7145828773282132 16.259335696890869 187 186 188 0.70601637622263969 95 6 97 6 99 4
117 3.2454221834654571 -0.20224830927741097 14.423173092103784 95 97 108 0.9875579487863525 95 77 94 63 96 98 100 98 103 99 101 97 102 116 93 71
498 -0.14134672328938672 0.52283612619438613 10.124724295021901 76 76 76 0.57996691945074763 91 40 89 31 90 39
439 -1.2488052107079604 0.46535918791770864 8.9074829792197878 95 95 95 0.29592759112926137 90 36 91 35 92 47 88 37 89 34 93 52
182 6.1846478645495351 -0.88818234164927812 17.537951638276123 98 100 108 0.87022853228957031 96 78 98 73 97 73 99 71 100 77 103 82 101 58 102 79
481 1.3138801729909084 -0.029176997344833588 11.927962499800886 61 63 72 0.063278550738162742 107 113 108 94
422 5.9728761010432176 0.41212812631550783 17.878761584881403 33 34 40 1.4325355606093695 106 152 107 138 108 115
165 -0.50490621509268296 0.19362052583356534 9.7988863452678956 96 101 116 1.3059249360034917 95 133 96 148 93 126
510 0.098158798554742896 0.40193650145621185 10.469491478272458 3 3 3 0.73212336564429703 88 73 91 85 89 68
451 -1.2307093559753177 0.67362325579976312 8.8865182323096938 130 130 130 0.57837426418773064 90 82 91 86 88 74 93 109
469 5.9467294644252178 -1.1085226316152872 17.826934484574355 104 108 120 1.8855075982894056 107 43 108 40
468 1.4631780343092682 -0.79926580247957579 11.925663064009257 164 166 172 2.0200356257844234 106 32 108 39
467 12.254600236532616 0.61687718711556028 26.430081499356312 191 191 191 1.3907669695722817 107 34 108 31
84 1.975414643922059 -1.4077087895879754 12.566807476454803 155 157 161 0.43570006802376299 95 123 92 105 94 106 96 138 93 121
465 4.3183877899903171 -1.5571700905836399 15.368777923327798 88 91 99 1.1256103351858879 106 22 107 16 108 16
464 5.0368415039802095 0.036819370392919243 16.715813746487399 37 37 37 0.53165131466368409 106 15 108 12 104 15
442 -0.49875414016948477 0.87843747260953609 9.6429654507528237 111 117 134 1.1651803936168648 91 58 92 67 88 52
185 6.0677448388253508 0.40754066677548489 17.561987896598339 59 62 72 0.27062303684786726 96 81 98 79 97 79 99 50
441 -3.4395449080515901 1.4451382779635396 7.1865054992267323 102 103 103 0.71066376724767255 90 45 91 44 92 54 88 43 89 38
184 5.1792017657836098 -0.078949676701223742 16.896249567687324 89 89 89 1.2035133865671042 96 80 98 75 99 76 100 79 103 67 101 60 102 80 105 84 106 89 108 66 107 78
440 -2.1556308990306698 0.65782777419074623 7.857396675544277 45 53 51 0.94977967669134111 91 37 96 89 98 84 89 28
183 5.9000040623421164 -0.70351422961750465 17.036169501931699 85 88 96 1.4831983521786012 96 79 98 74 97 54 99 74 100 51 103 65 102 47 101 18
437 -1.3616768031071118 1.4508547492544888 7.946292948095742 91 91 91 1.0588782941408552 91 17 88 23
436 1.1971003503159245 0.80859655551497978 10.639596936936885 101 96 93 1.8453100788892693 91 24 88 22 92 68 90 46
179 4.3235312807965158 -0.10120971123232643 15.639032741555438 89 89 89 0.70742495545995299 95 47 98 54 99 45
429 2.0877504863087308 -0.59396587743286211 12.658666538796885 26 26 26 0.97013068311945605 107 107 108 87
172 -1.1639573314371805 1.6102825619975447 9.1941669841470723 108 104 102 0.74268218165403255 95 141 96 158
428 5.2046387059523216 -1.2497240575167745 16.650786387357485 71 75 87 1.7406147117215545 107 41 108 58
171 -1.5129978804936872 1.5083816894207773 8.7441960890624184 5 5 5 1.1559751967118084 95 91 96 113 98 106
420 10.279105879217648 3.3793050392718857 24.212429581221528 79 81 88 0.89966102314443874 101 107 104 115 107 129
163 3.7233100705463098 -1.6252363231934301 14.685799183045223 97 99 107 0.57768792912014466 95 126 96 141 98 139
26 -0.13501382149692925 0.61941147507997074 10.310671146734379 1 1 1 0.53139909791258266 95 87 90 63 92 65 94 72 96 109 98 102 97 95 99 112 100 106 101 105 91 55 88 50 89 47 93 77
25 -0.13501382149692925 0.61941147507997074 10.310671146734379 1 1 1 0.53139909791258266 95 86 90 62 92 64 94 71 96 108 98 101 97 94 99 111 100 105 101 104 91 54 88 49 89 46 93 76
282 21.296405429851195 2.5526273936744079 39.072645581446665 231 231 231 1.855986982140692 101 99 103 101 107 126 105 121 102 95
24 -1.139034063504063 0.47944634503824574 9.0812754187174729 130 130 130 0.63208686273957793 95 85 90 58 92 62 94 70 96 104 98 120 96 125 97 107 99 150 91 51 88 47 89 58 88 63 93 75
150 5.0872908581028344 0.10270862040730938 16.630344284012288 80 81 81 1.8620180315906905 95 59 96 62 99 47 101 63
23 -1.0425356577128646 0.41844479920498351 9.1939442624027077 6 6 6 1.0991821746939647 95 83 90 57 92 61 94 66 96 102 98 97 97 91
280 13.813594488594303 4.3190395956393477 28.826904704857082 38 38 38 1.4648583789482374 100 45 103 46 102 38 105 42 106 56 107 56
22 -0.10636545985022236 0.40374266117597651 10.352787193188014 1 1 1 1.5644737763759173 95 82 90 61 92 63 94 67 95 110 101 124 100 126 91 52 88 48 93 73
21 -1.186639339981352 0.28499299939156963 9.0146329261309219 1 1 1 0.36857493058581214 95 80 90 32 92 43 94 64 96 101 98 96 91 31 88 35 89 32 93 48
278 0.92457494831618225 1.0501482832138183 5.9870201753768502 176 176 176 0.50583889773568314 103 48 102 26 104 38
20 -1.0962220723868585 1.3267737776822066 9.1411008019743516 59 62 72 0.8764817198783692 90 29 92 38 95 72 94 43 91 25 88 33 97 82 93 40
277 1.2781475944790275 0.93664490884145901 13.083565633740729 38 38 39 0.84857314262473105 99 40 103 26 102 25 100 42
146 4.9072233623259853 -1.5198579297336858 16.158981115908425 127 126 129 0.603618857616533 95 33 96 48 98 39 97 40 99 28 100 48 103 61 101 55
19 -2.0245974434762775 0.72238728268040586 5.9782533685670805 46 48 52 1.1965169638546227 95 71 90 43 91 43
18 -0.047932180371628663 0.55482125002647908 10.427463962439408 130 130 130 0.66807886665926397 95 70 90 41 92 51 94 53 96 106 98 99 97 93 99 110 100 104 91 42 93 57
17 -0.048351201503089546 0.55540873526137347 10.428954983528081 130 130 130 0.71071044882686374 95 69 90 40 92 50 94 52 96 105 98 98 97 92 99 109 100 103 101 125 100 128 91 41 93 56
16 -1.4251410693531692 0.53198188384134493 8.7033696055919982 70 72 80 1.2108531364800232 95 68 90 37 92 48 94 50 96 107 98 103 97 96 91 36 88 38 89 35 93 53
273 -0.24784801507004547 0.62763528689833825 10.580502780623247 79 81 89 1.5355591562486841 99 151 101 151 103 157
15 0.22794608896023691 0.49809949751461846 10.776384357677925 82 82 82 2.1164194722939169 95 67 90 38 92 49 94 51 96 88 98 83 97 80 99 81 93 55 91 39 88 39 89 37
14 -1.1923824492526773 0.40456102363642538 9.002465009270324 38 38 38 0.78046184169384369 95 66 90 35 92 46 94 49 96 87 91 34 88 36 89 33 93 51
271 0.38625686450618207 0.70785050039495334 11.063024335636314 0 0 0 1.9248717906586865 97 119 100 157 103 156
1 -1.0532057671013242 0.56054531204278379 9.2060260618498084 48 48 48 1.1280031729950493 95 12 90 9 92 13 94 7 91 4 93 2
258 6.2840974515547172 0.27732236454570536 18.585644406770978 101 103 111 0.62443443162148915 98 25 101 21
129 1.9754378358603568 -1.4090817549276788 12.58531652286378 147 149 153 0.41585375754026627 95 122 94 105 92 104 93 120
2 0.28441080476828884 -0.69391794166715226 10.609635429007998 103 106 116 1.1059918728046862 95 25 90 7 92 11 94 17 96 22 98 29 97 27 99 22 93 7 100 31
3 -1.4535654473212756 0.36457872497276683 8.6778063490422817 64 66 73 0.41009105205810814 95 35 90 16 92 24 94 25 96 51 98 56 91 11 88 16 93 21
131 2.7916753009986159 -1.5057856782781294 13.547239485604683 160 161 165 0.55860861943424744 95 125 94 108 96 140
132 1.4648133009349149 -0.6796265897520356 12.0376494858853 231 231 231 0.55935641652334778 95 129 94 113 96 145 98 143 97 142 99 159 100 150 103 149 101 144 93 125
133 3.3851935077905932 -0.74745520956159817 14.482995285584964 231 231 231 0.41215294746626147 95 130 94 114 96 146 98 145 97 143 99 160 100 151 103 148 101 143 102 138
134 3.2775480337498286 -0.10352377016893137 14.427610790728162 83 86 97 1.1532319641575717 95 131 94 115 96 147 103 151 102 139 93 128
135 -2.150223162047642 0.63546392625663262 7.8925944252695128 59 61 60 2.1959437261790202 90 97 92 110 94 119 96 155 91 105 88 94 93 131
8 -1.8450047798248512 0.67105677032065925 6.1577933655113277 107 108 108 0.13894990168742496 95 41 90 28
9 -1.5219083808970286 0.38031636242051403 8.6075216896635727 77 80 86 1.2889315623765421 95 50 90 24 92 32 94 38 96 65 98 57 97 59 91 18 88 25 93 33
137 4.5242252860021308 -1.6604846597979517 15.742889929946047 78 81 90 0.41933098174409988 95 5 96 12 98 9 97 5 99 3
10 -0.18728865489672503 0.45774681842044562 10.232371253586974 76 76 76 1.2554021568744893 95 52 90 26 92 33 94 40 96 66 98 58 97 58 99 53 100 38 101 71 91 38 88 29 89 36 93 54
138 4.4926137699859341 -1.2706374239534026 15.761693439422316 63 64 73 0.34857285611666533 95 22 96 21
11 -1.2375145247555459 0.34702266251559277 8.9413654570045313 89 89 89 0.52330776827160963 95 62 90 33 92 44 94 46 96 83 91 32 88 26 89 25 93 49
139 4.597233161247182 -1.5887538161998256 15.867119524388873 94 96 104 0.69217225324188358 95 20 96 30 98 16 97 15 99 9 100 10 103 17 101 14 104 11
12 -1.1586858776104043 0.34354876500621556 9.083458716807332 79 79 79 0.89211556225359601 95 63 90 25 92 31 96 84 98 80 97 88 94 47 91 19 88 27 89 26 93 32
269 0.28685617993009488 0.44696898781861816 11.149428985319537 0 0 0 1.5446533159353819 99 137 100 127 103 128 101 122
13 -1.2871121178702531 0.40567558065126097 8.8557480073487973 39 39 41 1.0773826261803858 95 64 90 34 92 45 94 48 96 85 98 81 91 33 88 28 89 27 93 50
270 13.347370533814408 4.3963846679946519 28.15213625518448 5 5 5 1.1784633721027793 100 131 103 129 101 129 102 125 105 125 104 118 106 163 107 130
157 5.0634992925716444 0.00052474219457791381 16.773475834213812 41 41 41 1.1841599856403857 96 99 98 76 97 77 99 77 100 52 103 68 101 61 102 61 105 69 104 65 106 90 107 79 108 78 95 79
30 -0.099180714488731156 -0.78458802218883217 10.103107708916609 59 62 71 1.5771468850450947 95 95 90 50 100 114
287 1.2362459999077047 0.9414885689062833 12.485676470278769 93 89 86 0.85260668215882973 101 150 102 147 96 111 98 105 99 114 103 141 101 127
31 1.4930903097823656 -0.50860287991750952 12.096764284887898 42 42 42 0.92849539592697206 95 98 92 76 94 83 96 96 98 113 99 98 100 117 103 121 101 117 102 113 93 89
159 -0.73540785255418706 0.85523621469418343 9.5855964310126129 116 122 139 1.7830143196190646 95 89 96 112 96 71 98 86 98 129
32 1.4930903097823656 -0.50860287991750952 12.096764284887898 42 42 42 0.92849539592697206 95 99 92 77 94 84 96 97 98 114 99 99 100 118 103 122 101 118 102 114 93 90
33 1.4606126657772633 -0.40119480894820653 12.093342228904373 231 231 231 1.487744796910722 95 104 92 80 94 85 100 121 93 95
161 2.0185000422801562 -0.50450054045713233 12.713693805957309 26 26 26 0.91522073370274781 92 79 96 120 99 134 93 92
34 1.4611721944322897 -0.41198880630321771 12.118960615661118 231 231 231 1.6553371697296904 95 105 94 86 100 122 103 123 101 119 102 115 93 96
162 -1.2417716748051804 0.56433953891501754 8.9302705532686009 8 8 8 0.6912257423085989 96 131 98 126 97 120 99 152 91 65 88 64 89 59
35 1.0117372294797473 0.14887811113230393 11.640915323033919 59 62 72 1.370430292841315 95 107 92 82 94 97 98 117 99 135 103 135 102 134 105 149 93 107
36 -1.0961622361177348 0.59486217822956844 9.1250755084990764 1 1 1 1.150911556335712 95 112 90 75 92 84 94 99 96 126 98 127 97 121 99 153 91 66 88 65 89 60 93 99
37 0.42026780453419621 0.98147238269081749 11.053625671411007 59 62 72 1.3941903848969426 95 114 92 100 94 101 96 127 98 121 97 126 99 142 100 143 103 143 101 141 91 113 88 103 93 114
38 -0.80503204901604042 -0.41512742108348583 9.3231973874835443 27 29 29 0.81863113560288192 95 115 90 68 92 75 94 82 96 129 98 123 97 111 99 162 100 153 91 49 90 54 88 45 89 44 93 88
39 -1.8625813131942526 0.63387913607440083 6.2729692040277518 49 54 56 1.2658637958198016 95 117 91 88 90 87
40 0.36590023243608283 0.68850389695718806 10.976024864320351 76 78 85 2.052643311249772 95 118 90 86 92 96 96 132 101 148 102 146 91 90 93 112
41 1.2991819177012693 -1.3243358485141306 11.729218652175675 118 120 126 0.63322111509942813 95 120 90 91 92 102 94 103 96 135 93 118
42 1.2991790643809573 -1.3249004708314698 11.724706922055729 118 120 126 0.71137916400872248 95 121 90 92 92 103 94 104 96 136 98 134 93 119
43 1.2154926705337588 -0.79218692274940472 11.792428320282086 70 74 85 1.2955693249316558 95 128 90 93 92 107 94 111 98 142 97 141 99 158 100 149 93 124 101 142
44 -0.70744132620546263 0.24578512973320726 9.5713044916830388 59 62 72 1.2041084212197113 95 135 90 78 92 91 94 96 96 150 98 146 97 145 91 81 88 71 89 87 93 106
45 -1.0338571208566703 0.34401162821100101 9.2062285275700404 14 14 14 0.91026876401439938 95 136 90 96 92 108 94 116 96 151 98 147 97 146 91 104 88 93 89 88 93 129
302 4.986454918092968 0.078614162343790678 16.632881758859831 48 48 48 1.1968626515369676 102 9 105 12 104 18 107 9
46 -1.8249366531731954 0.43915647939426111 8.1913444933880086 49 51 52 1.5440670151111495 95 137 90 79 92 109 94 117 96 152 98 149 88 92 89 66 89 86 91 82 93 130
47 -1.6157798199353359 0.45373794185467015 8.5021307758153224 149 149 149 1.2271601719041025 95 138 90 80 92 92 94 118 96 153 98 150 97 148 91 83 88 72 93 108
48 -0.56324054182832628 0.80533294577345205 9.8021042044751585 23 24 28 1.5794588908264795 95 139 90 99 92 112 94 121 96 134 98 151 97 124 99 166 100 145 101 152 91 108 88 99 93 133
51 -2.4114468584535373 0.87756269858978564 7.597059016458668 116 116 116 0.71454868733992738 95 19 92 8 94 8 96 29 93 6
308 -0.29142791764406151 0.49556991123673932 9.5435338392522322 86 86 86 0.20454829564263322 105 89 104 73
53 0.092566254602079331 -0.66983433027000516 10.331756587790787 77 80 89 1.2286417256430835 95 24 92 17 98 30 100 32 101 41
57 -0.1168711667145496 0.49735874926210438 10.309961346142446 44 44 44 0.55300688112508434 95 54 92 36 94 41 96 68 98 60 91 20 88 30 89 23 93 36
314 3.5818174908032718 0.4545232831270507 14.831402080694453 113 119 136 1.5243425711492884 102 133 104 145 106 175 107 141 108 117
164 3.7233100705463098 -1.6252363231934301 14.685799183045223 97 99 107 0.57768792912014466 95 127 96 142 98 140
178 4.657555276016998 -1.6427342607993787 15.920080126660167 53 53 60 0.25529719796644013 95 44 98 52 99 27 100 26
181 6.3594120456273817 -0.98239573952629455 18.290163266637592 93 95 103 0.60103347831905618 96 77 98 72 97 72 99 70 100 75 101 56
186 6.8059114131951253 -1.1888507154641716 18.450987194044547 140 142 148 0.77127048048354607 96 94 98 89 97 84 99 94 100 93 103 93 101 92 102 91 105 96
187 5.9608349301079144 -0.87893816731643404 17.698230838801091 59 62 72 0.51693600257734695 96 95 98 93 97 74 99 72
188 4.8616807311547818 -0.087875214565979881 16.513463264685502 130 130 130 0.7138062405977611 95 78 98 94 97 76 99 75 100 78 103 84 101 79 102 60 105 83 106 104 108 77
190 6.194586373777252 -1.1461549892069702 18.024640904412113 59 62 72 0.50399122946749542 96 128 98 111 97 102 99 130 100 112 103 116 101 114 102 110
192 5.9904942547392714 0.36972415035344852 17.766251949255462 110 112 119 1.1548084517381565 96 130 98 124 97 112 99 145 100 134 103 125 102 131
197 0.71570520574692986 1.1715211721212471 11.743839989863016 116 122 140 0.75399372710136381 96 157 98 153 97 151 99 168 100 161 101 153
198 -1.421244442187716 1.5968390233382257 9.4835184718342767 84 84 84 0.54606880698505778 96 45 98 7 97 24
199 1.9159503604892856 -1.2418922818639564 12.501216596927081 126 128 134 1.5487036142358195 90 22 107 17 108 18
200 6.1579070200867312 -0.95140889383181704 18.050750587560458 59 62 72 1.1727515325693958 97 18 98 21 99 12 100 11 101 17 103 34 102 17 105 31
206 6.8083021387142528 -1.0408532739851402 18.402907804293559 60 63 73 0.70655359845470944 97 86 98 92 99 97 100 95 103 95 101 94 102 92
209 -1.0014758080796571 0.55790681892164207 8.7804634872563163 80 82 89 1.4596437304703069 97 109 98 100 99 139
213 3.3880814674706925 -1.3319106435668036 14.234718731963911 101 102 106 1.0795307660209283 97 41 98 17 100 28 103 9 102 6 105 18 106 23 108 9
218 10.508038106355102 0.82338637391796743 23.337440948684929 231 231 231 1.0897697315960495 97 114 99 147 100 136 103 134 101 135 102 117 104 127 108 114
219 10.483464802676204 1.0897610369957378 23.446699486173689 111 117 134 1.5198740281480223 100 137 103 127 101 121 102 118 104 128 108 116
