# Camera list with one line of data per camera:
#   CAMERA_ID, MODEL, WIDTH, HEIGHT, PARAMS[]
# Number of cameras: 208
208 PINHOLE 1280 720 984.07892430918957 981.96686790006447 640 360
207 PINHOLE 1280 720 919.4418963028578 916.39256088388322 640 360
206 PINHOLE 1280 720 930.38851153821702 927.28691847872881 640 360
205 PINHOLE 1280 720 933.41992563615702 930.09571240866592 640 360
204 PINHOLE 1280 720 932.92144123860669 941.22228336691614 640 360
203 PINHOLE 1280 720 931.93155741794942 938.6115927343875 640 360
202 PINHOLE 1280 720 933.13702475771709 938.68022476191788 640 360
201 PINHOLE 1280 720 930.54421971327929 936.10788530990715 640 360
200 PINHOLE 1280 720 927.37802143850502 932.77527449524939 640 360
199 PINHOLE 1280 720 926.85584743957133 931.34467821737542 640 360
198 PINHOLE 1280 720 926.73355262581856 930.06430000275566 640 360
197 PINHOLE 1280 720 930.8027366370934 933.64718168970342 640 360
196 PINHOLE 1280 720 930.22141466737185 933.23525535194437 640 360
195 PINHOLE 1280 720 926.42197725744813 931.24858340879518 640 360
194 PINHOLE 1280 720 926.00294065112939 930.53167421805551 640 360
193 PINHOLE 1280 720 927.2305666225833 929.43563624168382 640 360
192 PINHOLE 1280 720 931.99812710799551 933.24218683041545 640 360
191 PINHOLE 1280 720 927.53384507949545 931.61323227497803 640 360
190 PINHOLE 1280 720 928.81559333538689 928.32582813903537 640 360
189 PINHOLE 1280 720 925.9133009568443 924.55358916604837 640 360
188 PINHOLE 1280 720 926.99221080700931 924.37170751469148 640 360
187 PINHOLE 1280 720 928.97589021450267 929.68336603653051 640 360
186 PINHOLE 1280 720 927.32992295931729 927.5077037336232 640 360
185 PINHOLE 1280 720 927.04730320843828 926.96713130455748 640 360
184 PINHOLE 1280 720 927.99108558780938 929.24538802733048 640 360
183 PINHOLE 1280 720 931.67364629422354 932.66300960122021 640 360
182 PINHOLE 1280 720 928.23417732296957 927.98208931951262 640 360
181 PINHOLE 1280 720 934.12655457939798 933.45572602451398 640 360
180 PINHOLE 1280 720 929.86419096569864 928.80200872418357 640 360
179 PINHOLE 1280 720 928.13476001921777 929.89950916910607 640 360
178 PINHOLE 1280 720 928.27371888571679 929.54272590011215 640 360
177 PINHOLE 1280 720 927.10089708000305 930.3669742836214 640 360
176 PINHOLE 1280 720 928.1614822704646 930.51316379191371 640 360
175 PINHOLE 1280 720 928.62424122279504 930.25220804610569 640 360
174 PINHOLE 1280 720 928.86562792944392 930.02462063042208 640 360
173 PINHOLE 1280 720 928.31918049282206 929.71898443186558 640 360
172 PINHOLE 1280 720 929.70751776582915 931.08008858732387 640 360
171 PINHOLE 1280 720 928.91719340149336 929.614636350316 640 360
170 PINHOLE 1280 720 930.81004005582065 931.96544038979368 640 360
169 PINHOLE 1280 720 930.17911067517616 930.25305700400293 640 360
168 PINHOLE 1280 720 928.60313190457805 927.43923139757931 640 360
167 PINHOLE 1280 720 929.00016103437792 928.51221321951016 640 360
166 PINHOLE 1280 720 929.66709288751485 928.45251569946765 640 360
165 PINHOLE 1280 720 928.36106948790768 928.48079435795057 640 360
164 PINHOLE 1280 720 925.93196191568745 925.09975987359144 640 360
163 PINHOLE 1280 720 927.7646013978042 926.27857180822582 640 360
162 PINHOLE 1280 720 929.74188320142275 929.16448753111013 640 360
161 PINHOLE 1280 720 922.24036534161792 920.99880041962842 640 360
160 PINHOLE 1280 720 922.24036534161769 920.99880041962831 640 360
159 PINHOLE 1280 720 923.35908014323661 922.24618635581032 640 360
158 PINHOLE 1280 720 922.66476320405957 920.88439966447208 640 360
157 PINHOLE 1280 720 925.04971456867531 922.62243739804876 640 360
156 PINHOLE 1280 720 923.82494279282025 921.38003747050186 640 360
155 PINHOLE 1280 720 925.89949029156526 923.38037612658889 640 360
154 PINHOLE 1280 720 925.62971066151044 922.29389933094978 640 360
153 PINHOLE 1280 720 925.89747027794067 924.12356388935314 640 360
152 PINHOLE 1280 720 925.46081712922592 922.70488077164327 640 360
151 PINHOLE 1280 720 925.55223669729116 921.74910578288268 640 360
150 PINHOLE 1280 720 925.37995697103543 921.43567723665512 640 360
149 PINHOLE 1280 720 926.3340024778521 923.52507382254953 640 360
148 PINHOLE 1280 720 925.95355386124106 922.79687069645558 640 360
147 PINHOLE 1280 720 925.36772188574162 923.87270738934546 640 360
146 PINHOLE 1280 720 907.71692507408864 890.40639659774843 640 360
145 PINHOLE 1280 720 910.12099867741517 895.02920381662261 640 360
144 PINHOLE 1280 720 915.41792396637425 905.87843323725315 640 360
143 PINHOLE 1280 720 918.21712090251719 911.11077065023494 640 360
142 PINHOLE 1280 720 922.50412377240355 918.39189659675742 640 360
141 PINHOLE 1280 720 924.61109578301023 922.48796843812522 640 360
140 PINHOLE 1280 720 928.97087290413435 927.2029568082678 640 360
139 PINHOLE 1280 720 921.46502448117599 919.74263537615889 640 360
138 PINHOLE 1280 720 920.62671705710943 921.19960171333025 640 360
137 PINHOLE 1280 720 920.93159523477163 919.79098121746074 640 360
136 PINHOLE 1280 720 909.91347120451303 900.27777425797569 640 360
135 PINHOLE 1280 720 920.23648373908622 922.63303208714422 640 360
134 PINHOLE 1280 720 920.46501146683806 920.87457915997595 640 360
133 PINHOLE 1280 720 922.45488773515012 920.85535659435254 640 360
132 PINHOLE 1280 720 922.16758001537494 923.76497462712575 640 360
131 PINHOLE 1280 720 922.16758001537494 923.76497462712575 640 360
130 PINHOLE 1280 720 919.82765820626889 920.18640157591528 640 360
129 PINHOLE 1280 720 920.23004678007158 917.79852439972319 640 360
128 PINHOLE 1280 720 920.67131142466167 918.30615990815227 640 360
59 PINHOLE 1280 720 931.15887228661938 929.80312171347896 640 360
58 PINHOLE 1280 720 931.46051600183716 930.39732673515914 640 360
57 PINHOLE 1280 720 929.06211129786027 926.9345778075641 640 360
56 PINHOLE 1280 720 931.13999219091659 930.05895340600796 640 360
55 PINHOLE 1280 720 928.54198261810768 926.73067463101677 640 360
54 PINHOLE 1280 720 930.06758981918983 928.66835586086461 640 360
53 PINHOLE 1280 720 931.0227561888322 930.18974024310432 640 360
52 PINHOLE 1280 720 930.75856503352179 928.73200266680362 640 360
51 PINHOLE 1280 720 930.67440134108062 928.65443061287942 640 360
50 PINHOLE 1280 720 926.8063706150399 926.33056466671087 640 360
49 PINHOLE 1280 720 927.20517683509843 926.09751407670808 640 360
48 PINHOLE 1280 720 926.6922196168307 925.17362274203947 640 360
47 PINHOLE 1280 720 926.34438761616912 926.89114180609033 640 360
46 PINHOLE 1280 720 927.65726564432521 927.36416698710389 640 360
45 PINHOLE 1280 720 927.65726564432532 927.36416698710389 640 360
44 PINHOLE 1280 720 933.81661209659035 934.50989226933166 640 360
43 PINHOLE 1280 720 926.29637055988849 925.2812329108549 640 360
42 PINHOLE 1280 720 927.78689626047435 927.52008326080283 640 360
41 PINHOLE 1280 720 925.85309860035147 925.65036694537082 640 360
40 PINHOLE 1280 720 926.9225974017113 926.20339866913116 640 360
39 PINHOLE 1280 720 927.1374350220284 926.08129148240141 640 360
38 PINHOLE 1280 720 928.27528802673453 929.21225397139324 640 360
37 PINHOLE 1280 720 927.61585360486106 928.58333591533199 640 360
36 PINHOLE 1280 720 927.82345457998906 928.3167122836071 640 360
35 PINHOLE 1280 720 926.90855281840459 930.10922274399491 640 360
34 PINHOLE 1280 720 924.29002640778833 924.83331960976523 640 360
33 PINHOLE 1280 720 926.17340325562054 927.72936239911974 640 360
32 PINHOLE 1280 720 919.47572330315529 923.83575790658392 640 360
31 PINHOLE 1280 720 924.88823860933212 927.3172345418526 640 360
30 PINHOLE 1280 720 922.92906589245308 922.58739004993299 640 360
13 PINHOLE 1280 720 928.51525780651218 924.2608053223679 640 360
12 PINHOLE 1280 720 928.26390102800963 924.0218988490501 640 360
11 PINHOLE 1280 720 928.24586368336281 925.65088833101504 640 360
10 PINHOLE 1280 720 928.18324349994191 926.2631045188017 640 360
9 PINHOLE 1280 720 928.83774490513542 926.55332450618209 640 360
8 PINHOLE 1280 720 928.62613032411628 926.43756786989877 640 360
7 PINHOLE 1280 720 928.94583445549245 926.39204458594998 640 360
6 PINHOLE 1280 720 929.30849521055268 926.62026023522151 640 360
5 PINHOLE 1280 720 929.07106948350702 926.55952572506578 640 360
4 PINHOLE 1280 720 929.65350015909269 927.51378804091109 640 360
3 PINHOLE 1280 720 929.04800447636831 927.7339114462045 640 360
2 PINHOLE 1280 720 933.47344282555912 931.48344417331759 640 360
1 PINHOLE 1280 720 933.46637922908747 931.48077595969312 640 360
14 PINHOLE 1280 720 927.09053144950224 924.55606146476271 640 360
15 PINHOLE 1280 720 925.56996203612414 923.85922251063073 640 360
16 PINHOLE 1280 720 928.96451656619899 924.75863732191874 640 360
17 PINHOLE 1280 720 929.59764826855098 925.87325151595871 640 360
18 PINHOLE 1280 720 908.07221864126882 912.21673796856987 640 360
19 PINHOLE 1280 720 899.49266415764009 896.68416710353608 640 360
20 PINHOLE 1280 720 899.49266415763952 896.68416710353631 640 360
21 PINHOLE 1280 720 908.64861707073032 909.62260827131536 640 360
22 PINHOLE 1280 720 926.97507509272623 915.99517309203657 640 360
23 PINHOLE 1280 720 926.97507509272714 915.99517309203748 640 360
24 PINHOLE 1280 720 903.99649261425452 819.12136038051653 640 360
25 PINHOLE 1280 720 930.78094310063523 928.32810340196647 640 360
26 PINHOLE 1280 720 925.12504848685398 923.49065434811962 640 360
27 PINHOLE 1280 720 923.66906767070941 921.26634168182522 640 360
28 PINHOLE 1280 720 916.15217901574863 915.26438568833828 640 360
29 PINHOLE 1280 720 918.7259683137886 918.71593934211239 640 360
60 PINHOLE 1280 720 931.89170294625944 929.06634758891801 640 360
61 PINHOLE 1280 720 931.99349852743683 929.87899308505689 640 360
62 PINHOLE 1280 720 931.21501529029069 929.62578519601595 640 360
63 PINHOLE 1280 720 931.21501529029126 929.62578519601573 640 360
64 PINHOLE 1280 720 931.1881946836628 928.65891692200773 640 360
65 PINHOLE 1280 720 930.40454150625453 928.52906495738182 640 360
66 PINHOLE 1280 720 929.28871895676559 928.72852107957669 640 360
67 PINHOLE 1280 720 929.08357044202091 928.86064362053207 640 360
68 PINHOLE 1280 720 929.20007427398355 929.87270463633911 640 360
69 PINHOLE 1280 720 927.26526582489487 924.55311063225315 640 360
70 PINHOLE 1280 720 936.67856604876499 931.32388104703932 640 360
71 PINHOLE 1280 720 930.78986546195097 928.78970719517292 640 360
72 PINHOLE 1280 720 933.32401916941933 933.148311913425 640 360
73 PINHOLE 1280 720 930.45673220074173 929.80879968172928 640 360
74 PINHOLE 1280 720 930.1925308854569 929.84900204678092 640 360
75 PINHOLE 1280 720 928.8509513553422 928.78712828477762 640 360
76 PINHOLE 1280 720 929.27713950511065 927.88455755566429 640 360
77 PINHOLE 1280 720 927.07994932736074 926.8647660794403 640 360
78 PINHOLE 1280 720 929.09545747064374 928.68624684949771 640 360
79 PINHOLE 1280 720 926.8350020709828 925.84156158103463 640 360
80 PINHOLE 1280 720 928.54009990749125 927.92288008895798 640 360
81 PINHOLE 1280 720 929.78618547589849 929.14159345230667 640 360
82 PINHOLE 1280 720 929.94250694800257 928.49883200196336 640 360
83 PINHOLE 1280 720 929.49350856451008 928.62515287350266 640 360
84 PINHOLE 1280 720 932.94301172157407 932.17216656134599 640 360
85 PINHOLE 1280 720 932.14399188562447 930.59065498467305 640 360
86 PINHOLE 1280 720 929.64118267515903 927.84192426139953 640 360
87 PINHOLE 1280 720 928.50054027155716 925.18612363557099 640 360
88 PINHOLE 1280 720 930.91721497652406 927.31468784640072 640 360
89 PINHOLE 1280 720 932.10773436908914 925.73778946119603 640 360
90 PINHOLE 1280 720 934.36041545326657 927.57136745908326 640 360
91 PINHOLE 1280 720 933.58226011733962 925.10628042113774 640 360
92 PINHOLE 1280 720 934.58095708951544 924.5663247677312 640 360
93 PINHOLE 1280 720 933.83315009706098 921.2606690531934 640 360
94 PINHOLE 1280 720 932.37695814855124 920.07458818039424 640 360
95 PINHOLE 1280 720 934.09785297238545 918.59886325700325 640 360
96 PINHOLE 1280 720 935.45118516956336 915.03324706522949 640 360
97 PINHOLE 1280 720 937.09719887395863 913.66699887695177 640 360
98 PINHOLE 1280 720 936.34587529769931 915.57505039902355 640 360
99 PINHOLE 1280 720 937.98334033818173 918.95184815214668 640 360
100 PINHOLE 1280 720 931.43127369251886 917.35905793973393 640 360
101 PINHOLE 1280 720 938.04657654048458 922.77645753559591 640 360
102 PINHOLE 1280 720 948.84135189628023 938.12302337330891 640 360
103 PINHOLE 1280 720 954.45682147283424 944.71097710782715 640 360
104 PINHOLE 1280 720 921.65435682593568 908.48834115592535 640 360
105 PINHOLE 1280 720 937.21879986034469 919.44888004692496 640 360
106 PINHOLE 1280 720 944.31250900165094 927.61096389774457 640 360
107 PINHOLE 1280 720 944.31250900165037 927.6109638977448 640 360
108 PINHOLE 1280 720 941.38283973579996 929.9928958196723 640 360
109 PINHOLE 1280 720 931.94223653100141 920.6228857413613 640 360
110 PINHOLE 1280 720 936.60532674548017 925.7578311253053 640 360
111 PINHOLE 1280 720 938.78916297057185 929.1733701335047 640 360
112 PINHOLE 1280 720 936.06046623269322 929.09968872235595 640 360
113 PINHOLE 1280 720 946.34907002439775 942.60844895728496 640 360
114 PINHOLE 1280 720 950.87263343659276 950.21537999277155 640 360
115 PINHOLE 1280 720 947.56835682569624 947.82672448816754 640 360
116 PINHOLE 1280 720 943.12611234794065 944.04543027167392 640 360
117 PINHOLE 1280 720 949.35830301478825 948.2414547074452 640 360
118 PINHOLE 1280 720 959.12210826389253 961.00135818524666 640 360
119 PINHOLE 1280 720 942.67672203349832 942.52972371764224 640 360
120 PINHOLE 1280 720 954.1701801326916 960.09900758829144 640 360
121 PINHOLE 1280 720 935.80820282351476 937.63242373550395 640 360
122 PINHOLE 1280 720 932.75358395212561 934.79001988089294 640 360
123 PINHOLE 1280 720 938.60457884353912 943.53304783210649 640 360
124 PINHOLE 1280 720 926.5402291223852 928.87845934127199 640 360
125 PINHOLE 1280 720 929.3785910924023 931.92399491070091 640 360
126 PINHOLE 1280 720 925.33962673696215 925.00661754084649 640 360
127 PINHOLE 1280 720 921.34342440985665 918.33749094887503 640 360
