# Camera list with one line of data per camera:
#   CAMERA_ID, MODEL, WIDTH, HEIGHT, PARAMS[]
# Number of cameras: 26
126 PINHOLE 1280 720 536.19039956301606 536.71418856915739 640 360
125 PINHOLE 1280 720 537.48496791098432 538.0999874939447 640 360
124 PINHOLE 1280 720 536.90595375903354 537.37191165287425 640 360
123 PINHOLE 1280 720 536.53190641455046 537.03432340957897 640 360
122 PINHOLE 1280 720 536.86873159143818 537.32562308384524 640 360
121 PINHOLE 1280 720 537.01681205709588 535.69390990398335 640 360
120 PINHOLE 1280 720 534.98092770605933 534.92320798433082 640 360
119 PINHOLE 1280 720 536.48325556677366 536.88602873696163 640 360
106 PINHOLE 1280 720 536.5079054650605 530.2198386338282 640 360
107 PINHOLE 1280 720 538.95828481233843 531.8189146793685 640 360
137 PINHOLE 1280 720 536.90347486413179 536.94153981580394 640 360
108 PINHOLE 1280 720 538.09882869641206 529.68418684626442 640 360
138 PINHOLE 1280 720 536.89370963490148 537.78441492577372 640 360
109 PINHOLE 1280 720 540.21020886068925 533.23231579658409 640 360
139 PINHOLE 1280 720 536.6566772267056 536.72613560375225 640 360
110 PINHOLE 1280 720 541.13433428858366 535.50617541147938 640 360
140 PINHOLE 1280 720 536.08129995376248 538.7643337488762 640 360
111 PINHOLE 1280 720 542.52714365616737 536.90154040926313 640 360
141 PINHOLE 1280 720 537.35663169023121 539.32192911155698 640 360
112 PINHOLE 1280 720 544.23404875964832 539.26883020781474 640 360
113 PINHOLE 1280 720 543.16672870974321 540.90921031000494 640 360
114 PINHOLE 1280 720 545.02852347793021 542.98403644080042 640 360
115 PINHOLE 1280 720 539.37164881683373 539.08199467514419 640 360
116 PINHOLE 1280 720 536.0593545024542 536.54588718398782 640 360
117 PINHOLE 1280 720 538.7347022167022 540.76205903545156 640 360
118 PINHOLE 1280 720 538.37213624787569 539.41246530790806 640 360
