# Camera list with one line of data per camera:
#   CAMERA_ID, MODEL, WIDTH, HEIGHT, PARAMS[]
# Number of cameras: 33
207 PINHOLE 1280 720 921.4950379949089 931.71342147755809 640 360
206 PINHOLE 1280 720 930.75945450060908 938.7361283212465 640 360
205 PINHOLE 1280 720 913.30150893396035 936.30965439470674 640 360
81 PINHOLE 1280 720 1749.9743597890354 1738.194223001743 640 360
12 PINHOLE 1280 720 1768.3870165970218 1779.1709995673966 640 360
11 PINHOLE 1280 720 1764.297979088258 1778.7166829967155 640 360
10 PINHOLE 1280 720 1759.7446715957622 1773.6265970256245 640 360
9 PINHOLE 1280 720 1754.6253013650951 1774.3379241349444 640 360
8 PINHOLE 1280 720 1752.8231140087105 1774.1840403034525 640 360
7 PINHOLE 1280 720 1749.5996039292154 1767.7459229350461 640 360
6 PINHOLE 1280 720 1748.5740000185592 1767.2550528905849 640 360
5 PINHOLE 1280 720 1748.574000018559 1767.2550528905847 640 360
4 PINHOLE 1280 720 1751.9854785980815 1772.5263301368159 640 360
3 PINHOLE 1280 720 1750.5262806459093 1772.3022300747245 640 360
2 PINHOLE 1280 720 1751.4298957992505 1756.7899979579083 640 360
1 PINHOLE 1280 720 1751.4298957992498 1756.7899979579083 640 360
13 PINHOLE 1280 720 1768.3123936102452 1772.6266571930473 640 360
72 PINHOLE 1280 720 1839.3760801313977 1837.912709511726 640 360
14 PINHOLE 1280 720 1772.8634052464911 1778.9213552971037 640 360
73 PINHOLE 1280 720 1815.4480143513322 1796.6723378470101 640 360
15 PINHOLE 1280 720 1777.382617438441 1779.2713821657653 640 360
74 PINHOLE 1280 720 1790.0730869832075 1770.5425101800579 640 360
16 PINHOLE 1280 720 1767.4751950420655 1774.5732386710195 640 360
75 PINHOLE 1280 720 1686.5038906951299 1690.2531540513364 640 360
17 PINHOLE 1280 720 1798.0317877771524 1842.2087001655564 640 360
76 PINHOLE 1280 720 1767.3197656496193 1755.1403492606555 640 360
18 PINHOLE 1280 720 1809.9153459081119 1884.6481843968993 640 360
77 PINHOLE 1280 720 1774.0469004532788 1762.2596630350286 640 360
19 PINHOLE 1280 720 1889.9260027425391 2061.4119173479444 640 360
78 PINHOLE 1280 720 1757.0649250629997 1746.5516255674199 640 360
20 PINHOLE 1280 720 2019.5252002101236 2481.7785439880836 640 360
79 PINHOLE 1280 720 1752.6973011015605 1740.8755627552987 640 360
80 PINHOLE 1280 720 1756.6567100100622 1746.1294419258786 640 360
