# 3D point list with one line of data per point:
#   POINT3D_ID, X, Y, Z, R, G, B, ERROR, TRACK[] as (IMAGE_ID, POINT2D_IDX)
# Number of points: 741, mean track length: 5.6099865047233468
696 2.2811415224195626 -0.93861715948207514 9.0523774774935841 59 62 72 0.91878765289960085 4 578 76 545 75 403 77 448 74 390
634 2.65810031824061 -1.1833509421551287 8.7749975591491065 0 0 0 0.42829301820228627 208 1190 76 624 75 495 77 545 73 317 78 439 74 440
591 0.84822060734707982 1.5917396429853048 -0.65401735706365471 0 0 0 0.75756977439683126 8 270 12 256 14 254 8 242 16 147
540 2.4873828240968168 1.2970197876082805 1.8816863153305314 111 117 134 0.083685019362916474 8 86 15 131
539 2.2378142678925936 1.1425333303615981 1.5986497013467411 59 62 72 2.6297160226510865 11 91 13 90 15 125
538 0.72636430471631286 1.4919780476652063 -0.31222982034849406 235 235 235 0.37430762633778047 13 80 15 115
537 -0.51278838767394708 0.9269322769015309 -0.94861492750986764 130 130 130 1.3495156762622496 13 135 15 113
535 2.106863080184421 1.7340114278017544 1.993832771011709 130 130 130 0.2854922342991586 8 87 15 104
532 6.3419876658661654 1.0864471830313878 6.4852335966723507 195 195 195 0.45575715324916466 6 44 8 76 12 76 13 63 15 64 14 59
530 4.961500500392809 1.0696952152231656 4.4423210893264082 8 8 8 1.5241265482558011 7 3 8 45 15 15 14 28
529 3.2630063301721863 1.2180775698261226 1.4893768576500317 138 138 138 1.0037504389181786 3 294 8 234 7 242 6 211 13 226 15 247 14 208 16 100 14 155 7 140 18 89
528 0.73099632020052474 1.5119859939106084 -0.40600386316185139 0 0 0 1.0011170919098604 3 86 7 123 8 163 6 129 12 126 13 179 13 215 3 143 7 163 12 202
527 2.1237209366571279 1.749891232171344 1.9971019478948644 130 130 130 1.0813114552792846 208 1511 3 285 11 226 6 225 12 235 13 203 206 371 6 201 15 219 15 284 14 196 14 238
525 0.81867864395643952 1.6456044028641572 -0.78925488187006465 232 232 232 1.825556020727334 11 196 8 231 7 173 1 455 5 264 9 264 13 186 3 88 11 95 6 94
524 1.8264928306423933 2.0934311768777358 2.1657246747032826 59 62 72 1.3293042903128733 7 327 8 327 13 327 14 312
522 2.3436918263013484 2.1829520039929253 1.9286536408829169 59 62 72 0.93894848674995635 8 314 13 316 15 378 14 293 16 183
521 1.1769148454071754 1.4561673955300869 -0.28849472533512022 128 128 128 1.2629576789254109 206 680 13 304 15 365 14 285 16 177 18 135
520 1.9895723970947143 1.1495030435218769 2.2286237951102223 59 62 72 1.2473209738502238 8 280 12 283 13 302 14 284
519 2.4597386040233737 1.2205548902653269 2.1261265440725152 231 231 231 1.5434311905050764 12 303 13 300 15 344 14 282
518 20.108938709738339 3.5372706589708161 14.732492566899074 231 231 231 0.092091664928985364 206 973 13 297
516 1.8332363802122158 2.1119943263447696 2.139542640249311 59 62 72 0.67988962099382355 8 272 13 277 15 316
514 3.4042801561955156 1.4329460070733637 1.3473643984202768 231 231 231 1.0781185880699293 8 236 16 101 15 208 18 58
513 7.0654451300742194 1.293123943984186 7.4887163911803736 231 231 231 1.0308876780903125 206 970 13 245 14 232
512 2.2940949144162217 1.1773542454939545 2.0042263908343134 231 231 231 0.31714343414022894 6 213 13 230 15 248 14 188
511 2.8683265654241299 1.1840354391137606 1.7453820654986409 231 231 231 1.3028979440513515 7 243 11 205 13 228 15 278
509 1.8221711926871176 2.1191816840757385 2.1021132771497495 59 62 72 1.4232767899954188 8 186 13 221 15 169 14 115
508 0.66916303184446857 1.5419415981525011 -0.48197107413695617 235 235 235 0.29619625680181072 8 181 13 183
507 0.74859768718344799 1.5020054345673319 -0.30191931046498344 235 235 235 0.74459752074347463 12 200 13 177 14 145
506 2.85853010004814 1.4205362099124654 1.9264385463515932 59 62 72 0.034102701248426445 12 230 13 163
505 2.2962742206165254 2.2045446650262286 1.9318104287761502 59 62 72 0.7335499346359462 8 185 13 156 15 240 16 72
502 2.3622391892254178 1.2312770104843345 2.0951626761735747 83 78 74 0.92737154940159394 6 163 12 168 13 130 8 195 13 194 15 210 15 250 14 157 14 191
499 0.7794911202039404 1.6292008574736729 -0.81157895769073229 235 235 235 1.1698548609302737 8 232 13 120 14 153
498 2.1358103874760506 1.8644215702582645 1.9551814585447893 0 0 0 0.036574798538672876 12 131 13 109
497 2.5792858952603974 1.3609334142218721 1.8637414042289406 59 62 72 0.15304847133508492 8 107 12 111 13 96
496 2.5035474933593695 1.260128878800665 1.9253466519193267 231 231 231 1.0035523840355174 7 151 8 56 13 93 6 162 15 129 14 128
495 0.7426646087723614 1.4991182605806104 -0.30000688180278456 235 235 235 0.78297159562431395 8 155 13 79 15 114 18 8
494 2.2734740854135476 1.6991176244759343 1.9203289880811987 0 0 0 0.39892583685918848 6 67 13 70 16 48 15 135 13 100
493 3.2279928367836126 1.2375305974635593 1.4977554246474238 92 97 111 0.54979802512989584 8 48 13 65 15 67 14 60 18 28
492 3.2320080520631795 1.2367648359083934 1.4993252717180663 92 97 111 0.35448402942590002 8 47 12 19 13 64 15 66
489 0.81554643254187109 1.5409828506007259 -0.50548324287263402 235 235 235 1.013637786852025 7 10 13 40 18 7 22 16 15 194
488 2.20871628550614 1.932293398001024 1.9370773295531907 0 0 0 0.43220332417823981 12 63 13 33
487 2.20871628550614 1.932293398001024 1.9370773295531907 0 0 0 0.43220332417823981 12 62 13 32
486 0.74836099561775771 1.4580025687780021 -0.19352124224536463 0 0 0 1.8456483684879714 6 261 8 306 13 309 15 372 14 288 16 182 17 146 15 348 19 69
485 0.85852653576530247 1.5973275600935652 -0.6551122858107562 0 0 0 1.5850036844305349 4 464 3 185 1 451 6 228 1 313 7 168 6 172 12 207 8 177 12 179 13 153 13 219 8 203 15 200 15 294 14 149 14 225 18 104 13 274 17 111 22 45
484 1.7676722709321204 2.0817837703763837 2.1159283499276378 49 52 60 2.1878916196004874 1 808 206 898 5 417 9 417 3 379 4 883 5 426 1 817 9 426 11 314 6 315 7 328 12 324
483 5.7818746350059582 1.0160780009781796 8.4945376337033043 0 0 0 1.6823282060673321 1 446 11 124 7 201 12 226 4 466 6 241 8 102 8 190 208 1315 5 317 9 317 3 271 11 237 6 189
482 2.124153429486817 1.9251650683027604 1.9497110186790632 78 78 78 0.26814838087707044 8 126 5 70 9 70 7 79 13 112
480 0.8578465034224374 1.5432115671255562 -0.51272033624902758 228 228 228 1.3310943488453864 5 186 9 186 3 178 7 234 6 197 8 224 6 246 12 251 13 237 13 269 15 289 16 144 18 99 17 110
478 3.6101813838881078 1.6294336345288656 1.4795026337458355 231 231 231 1.5711829159415156 12 312 8 316 13 320 15 364 14 300
477 2.3505241092281217 2.1870229459434052 1.938080033560903 59 62 72 1.3262771145300665 12 292 8 315 13 317 15 379 14 294 16 184
475 0.72928990387350145 1.451142357987689 -0.21102273047381881 0 0 0 1.2746664604472928 6 260 8 305 13 308 15 371 14 287 16 181
474 2.4847280774391263 1.2226368289940726 2.1498397943975895 231 231 231 1.730742441501494 6 294 12 304 8 301 13 301 15 345 14 283
471 1.8166404097711271 2.0978722335244826 2.1354042260470751 59 62 72 1.514958155151253 6 289 206 899 8 290 12 311 13 288 15 329
470 2.5801647918462489 1.2416671511044883 2.0527639770414075 231 231 231 1.3519356769397664 7 304 8 279 13 299 15 343 14 281
469 2.4921416777176906 1.2305602575983245 1.9640787718903299 231 231 231 1.1668124161878888 206 885 8 278 15 342 14 280
467 0.54299426364869086 1.545382340173082 -0.48605996278145031 0 0 0 0.52562148751302484 6 233 8 244 15 317
466 1.9656886024873417 1.2072866857387503 2.1616070957934874 110 116 133 0.79042732965260432 6 215 12 229 8 237 13 231 14 235
465 2.3406763198382117 1.5793851523682167 1.9290730931810725 130 130 130 0.1383357874567627 6 219 12 233 8 212
464 0.6245855305220952 1.5321106009088683 -0.46607193171234512 234 234 234 0.5044731181332871 7 167 8 205 16 121
462 2.2100617036614225 2.042357110362079 1.9145664876971176 0 0 0 0.49739910256789088 208 1350 8 180 13 176 15 270 14 173 14 201 16 115
461 2.2100617036614225 2.042357110362079 1.9145664876971176 0 0 0 0.49739910256789088 208 1349 8 179 13 175 15 271 14 174 14 202 16 116
460 1.9589923902365418 1.9017051522735111 2.0312840911994114 130 130 130 0.44278418346057002 6 143 8 170
459 1.9589923902365418 1.9017051522735111 2.0312840911994114 130 130 130 0.44278418346057002 6 142 8 169
455 1.6260182508584415 2.1598585313916741 2.2617875245214023 107 113 129 0.61450269374002364 12 72 8 135 13 122
454 0.42592903452516989 1.587528307255812 -0.58018894069357085 235 235 235 0.77084715968741779 6 146 8 134 13 123 14 117 16 55
453 2.1600873171654085 1.9766014396055445 1.9341296837589554 130 130 130 0.43657485961104409 6 145 8 128 16 68
451 2.137007939058071 1.8649202546786701 1.9560891465160388 0 0 0 0.16573055087457297 12 132 8 122 13 110
450 2.2053329930633141 1.8608658024085478 1.9649378437510161 130 130 130 0.10437739729941188 7 127 8 119
449 2.2150525284134992 1.7526469622827558 1.9549419447505905 130 130 130 0.62705788857236577 6 132 8 116 13 103 15 56
448 2.2150525284134992 1.7526469622827558 1.9549419447505905 130 130 130 0.62705788857236577 6 131 8 115 13 102 15 55
446 2.0841707352181094 1.8502553080620348 1.993015959573277 130 130 130 0.14655964478155697 7 77 8 67
445 6.0702313104878121 1.0971217750390667 5.5942544675098222 8 8 8 0.19427406355850782 5 28 9 28 11 31 8 42
444 6.1290570440878467 1.0953767506866847 5.6572099404800325 8 8 8 0.42912240093943976 5 27 9 27 11 30 8 41 15 12
443 5.9108061435898769 1.5816914310672934 3.4318219239631715 231 231 231 0.35345085732163156 9 29 5 29 16 1
441 5.8104766693134104 1.0145754700350424 8.5388612871288778 0 0 0 1.7074257095110243 208 1316 5 318 9 318 3 272 11 238 6 190 12 227 6 242 1 447 4 467 11 125 7 202 1 90 8 191
440 0.85025247429516237 1.5929209374774771 -0.65503911474811194 0 0 0 1.5887841153193136 1 452 6 229 4 465 12 257 5 289 9 289 11 195 7 256 206 139 8 243 13 220 8 204 15 295 14 226 16 148 18 105 18 114 22 46 17 129
439 0.81875166237184738 1.6402327927077225 -0.76671049145806103 225 225 225 1.6257846833679299 4 713 3 305 12 289 4 658 5 322 9 322 3 281 11 246 7 278 6 268 8 289 15 359 16 174 8 323 18 140 17 149 19 66
438 0.81872321832746942 1.6402143689380775 -0.76673971883712388 223 223 223 1.5615273522545206 4 712 3 304 12 288 206 693 4 657 5 321 9 321 3 280 11 245 7 277 6 267 8 288 15 358 16 173 8 322 18 139 17 148 19 65
437 0.66457443286381401 1.5385929073125437 -0.47888462217033917 226 226 226 0.87042039626937473 1 449 4 461 5 190 9 190 3 228 11 175 6 203 12 209 1 190 11 130 8 228 13 242 16 139 22 61
435 0.65346977748518853 1.5277569706878369 -0.45855836106481418 233 233 233 0.18008000911019706 206 691 12 286 8 310 13 326 15 381 14 310 16 188 18 142
434 3.3531753269553537 1.1653086300818067 2.7411202565943587 231 231 231 2.3869492495502285 11 206 12 266 8 277
430 0.72577874651594743 1.4462331138352982 -0.20048394068582198 0 0 0 1.1491862563862667 6 223 7 270 12 245 8 241 13 263 14 247 18 126 17 136 19 62
429 0.7176761984260791 1.4429177253054513 -0.20763141712770899 0 0 0 1.5097078533923391 6 222 12 244 8 240 13 262 14 246 18 125 17 135 17 145 19 61 19 68
428 0.72969180948710177 1.5123902405427072 -0.41798484451744339 0 0 0 1.6478757986736796 6 199 12 237 8 262 206 523 13 273 15 313 14 253 14 267 16 159 18 116 17 131 17 139 22 70
426 3.6919654014359011 1.2307266299773953 1.9621517850956847 231 231 231 1.4736324279314248 6 186 12 220 8 235
425 2.5649116567324768 1.3598733323301606 1.8586815843674958 59 62 72 0.74951460007503656 7 232 12 193 8 196 13 164 15 251 6 216 7 247 16 104
423 6.5853817574812474 1.1025524340328847 6.5231760770937077 215 215 215 0.62730392035371785 206 99 12 189 8 188 13 160 15 206 14 154
422 2.1096410364171336 1.9022181102582862 1.9609044181829112 130 130 130 0.49896220108407058 6 175 7 219 12 182 8 160 15 189 14 168
421 2.1096410364171336 1.9022181102582862 1.9609044181829112 130 130 130 0.49896220108407058 6 174 7 218 12 181 8 159 15 188 14 167
420 0.76193015229987271 1.5440161317254659 -0.49054034425723386 233 233 233 0.86297759320509859 6 134 12 178 8 172 14 178 13 218 17 105
419 0.76193015229987271 1.5440161317254659 -0.49054034425723386 233 233 233 0.86297759320509859 6 133 12 177 8 171 14 177 13 217 17 104
417 1.4840405864139776 1.4882678939748792 -0.35802811815395424 8 8 8 0.68460288448619544 3 173 12 169 15 211 14 134 16 80 18 59
416 1.7695660036991585 2.1098516431080752 2.0379458699480453 59 62 72 0.88095671479545046 7 238 12 151
414 2.7804928385564236 1.3400246017543027 1.6735094581644319 109 115 131 0.84056996364597059 6 60 206 105 12 106 13 92 15 127 16 76
413 2.8512781207605147 1.314889590296779 1.7163094087573165 231 231 231 0.74204299054795797 11 121 12 104 3 166 8 54 3 79 14 44
412 0.80418813181695614 1.5446311943199595 -0.52483454659990147 0 0 0 1.3424955317873557 6 168 12 85 13 238 15 290 14 203 14 223 16 134 18 102 17 115 19 48 22 49
411 4.6761464321751802 0.41536539232964054 7.1708857517015607 59 62 72 0.43128065696908691 4 283 5 104 7 38 9 104 12 74
410 3.8664442539778809 1.439586914862083 1.6971217070923801 0 0 0 0.45300741412974421 6 55 11 38
409 2.2364786879955338 2.1237761033479208 1.9700991962489045 130 130 130 0.90201197733746297 7 340 6 312 12 321
408 1.7993666583632983 2.0881342627141817 2.1612766807940478 48 50 59 2.0755095652899915 1 807 5 416 9 416 206 981 208 1839 6 314 1 816 4 882 5 425 9 425 3 378 11 313 12 323
407 1.9566216920521609 1.6617730956031214 2.0690316225481702 0 0 0 1.8607241536854182 1 466 4 479 3 188 7 273 6 167 208 1508 5 324 9 324 11 244 206 795 5 201 9 201 12 247 8 218 8 252 13 198 13 253 15 262 15 301 14 166 14 195 14 237
406 1.9586509419330318 1.6623673182583778 2.0714388732604165 0 0 0 1.867073725721049 4 478 5 200 9 200 3 187 11 243 7 272 6 166 208 1507 206 794 5 323 9 323 12 246 8 217 8 251 13 197 13 252 15 261 15 300 14 165 14 194 14 236
404 2.2050692780630294 1.9615150844382643 1.9172242459968336 0 0 0 0.33465064647221593 3 312 11 249 6 271 12 274 8 263
403 0.65349507482669655 1.5277709515963065 -0.45854146234518756 232 232 232 0.19750005985782071 12 285 8 309 13 325 15 380 14 309 16 187 18 141
401 2.2299433567483145 1.790808438577753 2.1813679145627844 0 0 0 0.22800246984869904 11 200 6 226
400 1.957522780339058 1.5260687065570704 2.1124983439167218 130 130 130 0.68761570513083614 11 217 6 221 12 243 206 793 14 216
397 0.73115408366253642 1.5131774895245775 -0.41700633186951014 0 0 0 1.7707246320499843 11 191 6 198 12 236 8 261 13 272 15 312 14 252 14 266 16 158 18 115 17 130 17 138 22 69
395 2.3299082350116334 1.5735495862005582 1.9101113476895206 130 130 130 0.46462020871774046 208 1336 6 193 12 172 8 198 14 161
393 2.0856451605559014 1.9261734068595004 1.991601459763412 0 0 0 0.18177295540015492 4 492 6 179 12 186 15 228
392 2.0856451605559014 1.9261734068595004 1.991601459763412 0 0 0 0.18177295540015492 4 491 6 178 12 185 15 227
391 2.087944971638886 1.901181919831308 1.9917832276089407 130 130 130 0.435201557267196 208 1053 6 177 12 184 8 162 13 141
390 2.087944971638886 1.901181919831308 1.9917832276089407 130 130 130 0.435201557267196 208 1054 6 176 12 183 8 161 13 140
389 0.72802611721766364 1.4950795591144539 -0.31923043070843976 231 231 231 0.85388026327457855 7 159 6 165 12 201 13 178
388 0.75202895988348228 1.0461504103598798 -0.44070069035201276 8 8 8 0.37156360619203238 1 147 12 160
387 0.53803302808956643 1.5491568263637763 -0.48654147405598558 0 0 0 0.61296566889679527 5 197 9 197 6 138 8 206 13 121
386 0.73163494743259905 1.5121206737864321 -0.40566434867494655 0 0 0 1.021667675456186 3 87 7 164 6 130 12 203 3 144 8 164 12 127 13 180 13 216
385 1.9602036104553759 1.0781057674012144 2.1557803493743037 91 95 109 0.91780592507415104 3 77 11 37 6 111 7 7
384 1.9825291539936802 1.0653919287603741 2.129855817233238 92 97 111 0.51597076186776436 3 74 5 23 9 23 6 108
382 3.3716649253495108 1.4275306750624372 1.4397108362972393 108 113 130 0.61969706373854483 11 40 6 87 8 103 7 148 6 112 13 128 15 177 16 58 16 73 17 62
380 2.784304571771949 1.3407868327953498 1.676875710302608 108 114 131 0.78402233909663077 206 104 6 59 12 107 13 91 15 128 16 77 6 116
379 4.1793873002568507 1.4423643737052243 1.9407714559231486 8 8 8 2.1783024883257673 11 39 6 51
378 1.4881224479571684 1.493873552445103 -0.36454790587375929 8 8 8 0.58252557193556087 3 21 6 11 12 34 8 58 14 47
375 2.1825904024457001 1.6092043703722918 1.8480358366251408 130 130 130 0.70509262383991389 3 375 11 307 7 334
374 2.7963625979418896 1.3557979013882198 2.1853105203547809 59 62 72 0.31912128451482302 3 371 7 331
373 0.73193176559792106 1.5179948127299308 -0.36836508675930357 230 230 230 0.52220571814518979 11 286 7 322 6 309 12 319
372 2.1526463365050263 1.955285280802662 1.950755223785404 130 130 130 0.24934650173886519 3 316 7 299 11 253 6 270 12 276 8 265 13 265 15 323 14 264
369 1.9560945040215312 1.5237032639318155 2.1133676574635225 130 130 130 0.97244608354756457 3 250 7 250 6 220 11 216 12 242 206 792 8 214 13 196 14 217
368 0.53818418332361284 1.5470012245498208 -0.48887742430789399 0 0 0 0.13741986389593852 1 453 7 236 4 463
367 3.0688153677110153 -0.78811337259910497 8.798436173725996 0 0 0 0.51188951695485685 4 125 208 665
365 1.8850335953304456 2.177964669060354 2.3863285067602602 109 115 132 0.40429385908021342 5 228 9 228 7 191
364 2.0588864692526023 1.9605248626278033 2.0005902844210226 130 130 130 0.4361443908309986 3 200 7 186 15 197
359 0.73136703634842937 1.4955101692532253 -0.31581567015732959 230 230 230 0.86229871175709638 3 175 7 158 6 164
358 0.92579207237874062 1.5263370587728475 -0.42966724702994324 230 230 230 0.34885603947809735 3 174 7 157 12 199
357 1.0408173851153371 1.4906025767969517 -0.36028089417462866 0 0 0 0.93129365247904239 11 127 7 154 6 122 12 196 8 200 13 106 13 235 15 216 15 283 14 198 16 109 18 73 17 85 17 108 19 31 22 29
356 6.3607140672158815 0.67342443584263001 6.2577135566668778 59 62 72 0.24675013121542522 1 422 5 167 9 167 7 133 6 99
355 1.6983093072193947 2.2143812941514223 2.3774829664036727 59 62 72 0.87651298066534722 3 94 5 128 9 128 7 131 12 154 13 47 14 21
353 2.4893023398645719 1.2954650821642477 1.8876619930632343 108 113 130 0.52326355487319687 5 63 9 63 7 119 12 110 8 106 13 95 14 130 13 132
352 2.4827135110229999 1.2952114688536775 1.8798808585729545 108 113 130 0.59495041190449371 5 62 9 62 7 118 12 109 8 105 13 94 13 131 15 130 8 85 14 129
349 2.124153429486817 1.9251650683027604 1.9497110186790632 130 130 130 0.26814838087707044 5 69 9 69 7 78 13 111 8 125
348 6.7599537521191824 0.4310926525366125 6.8016934360036547 231 231 231 0.3829768148892046 1 168 3 54 11 22 7 25
347 1.3414849333680285 2.3943835591688494 1.7593445778267112 59 62 72 0.47970032581079969 4 87 7 21 6 20
346 1.3312654129816344 2.3819660158645695 1.7476148872048411 99 104 120 0.41957421580429927 4 86 7 20 6 19
344 0.85517283384802001 1.591434001292011 -0.64144277336272615 0 0 0 1.5511891525816031 1 612 4 655 5 288 9 288 11 222 1 654 4 704 3 302 7 255 7 296 6 264 8 285
343 0.85295184424400416 1.5907294751684573 -0.64226926822312458 0 0 0 1.246518063842843 1 613 4 656 5 345 9 345 11 223 1 655 3 303 4 705 7 297 6 265 8 286
341 2.2346877693425982 1.7236962271575917 1.9375328305312516 0 0 0 0.41833763024955029 3 349 208 1836 11 289 7 311 206 890 6 283 12 305 8 304 13 305 15 346 14 286
340 2.3497225073653296 1.1430287443372789 2.5875509544307724 0 0 0 1.9052932084504142 3 339 5 363 9 363 11 277 7 268
339 3.1975501230216468 1.2574220495850292 1.4836315697833833 59 62 72 0.85925548805578578 3 335 5 382 9 382 11 273 6 276 12 298 8 294 13 292 15 336 14 275 16 175 18 130
338 2.1899308285229107 2.0165669538966635 1.9267794591517471 0 0 0 0.29985908239023262 206 894 11 271 7 314 6 286 12 290 208 1838 8 287 13 311 15 350 14 290 16 170
337 6.4344325931992978 0.6935615947378363 6.3975155879570043 59 62 72 0.71096506484684874 1 694 3 322 4 697 5 335 9 335 11 261 7 285
336 5.956415899697391 0.28901704806786033 7.0102610855891259 59 62 72 0.5239838841545934 1 693 4 743 206 879 208 1739 11 258
335 1.911904871958241 1.914375433752153 2.0433954940973558 0 0 0 0.63765283610602641 3 317 5 353 9 353 11 254 7 301 6 272 12 277 8 269
334 4.6542143010327672 0.45884363848484694 7.1185808185199715 59 62 72 0.61205355316025067 1 695 3 293 4 744 5 336 9 336 11 234 7 265 6 240 12 264
333 1.325991895801627 2.3764592515074274 1.7925513636812045 59 62 72 0.41110638766701635 5 297 9 297 11 232 7 263 6 238 4 609 12 240 14 229
329 3.3977974251565222 1.2039868620266572 1.7218472120261645 231 231 231 0.19890237696791838 5 283 9 283 11 184
328 2.1266060169486063 1.9684496331434689 1.9535968026342716 130 130 130 0.54981054659683537 1 483 11 178 4 500 7 223 5 213 9 213 6 181 8 174 13 145 15 234
327 2.1291703076196411 1.9693674014593894 1.9568288546569339 130 130 130 0.4853989350557702 1 482 5 212 9 212 11 177 7 222 6 180 8 173 13 144 15 233
326 0.72021248413687688 1.443508657520431 -0.19699987404564204 0 0 0 0.30410931362518895 5 183 9 183 11 169 6 195
325 0.72021248413687688 1.443508657520431 -0.19699987404564204 0 0 0 0.30410931362518895 5 182 9 182 11 168 6 194
323 6.9387337321618627 0.36144323936024991 7.0996054194695812 231 231 231 0.25677987703943939 1 557 3 220 4 599 5 247 9 247 11 153
322 2.1143291390766694 1.9052873203099721 1.9285820693278772 0 0 0 0.15815714209596687 5 207 9 207 11 142 7 181
321 2.1143291390766694 1.9052873203099721 1.9285820693278772 0 0 0 0.15815714209596687 5 206 9 206 11 141 7 180
320 2.2661243027746671 1.7032384614853526 1.9210436969539795 0 0 0 0.76890364310739223 208 1344 11 133 12 198 8 151 15 213 16 108
319 2.2661243027746671 1.7032384614853526 1.9210436969539795 0 0 0 0.76890364310739223 208 1343 11 132 8 150 15 212 16 107 12 197
315 3.4497795655230608 1.4450960111024889 1.37972691441599 231 231 231 0.43520941591061391 5 256 9 256 11 93
314 3.2981186533318905 1.3309788350297338 1.4279852796436407 8 8 8 0.65793156853918988 1 292 4 294 11 92 7 117 6 107 12 95
313 2.3743773730201014 1.1333122655584256 0.86780647662789701 8 8 8 0.15866560762429893 1 278 11 87
312 1.9581004054835869 2.1690343951467397 2.229481290253537 59 62 72 1.7372650069487152 5 225 9 225 11 57 7 85
311 0.85160557812767756 1.5982467710557073 -0.66579933651467371 0 0 0 0.4970314949142266 4 77 11 44 1 192 8 69
309 5.8859624603861125 1.090155371228541 5.4015120187428618 8 8 8 1.9942846033666584 1 85 3 76 11 28 8 40 15 63
308 -0.26543530037493679 1.0833700151653842 -1.3710541916057819 8 8 8 0.34882399240467082 5 1 9 1 11 20
306 -1.3410771037339027 1.3599020755399265 -2.6454564122303781 231 231 231 0.20903956500169629 4 673 3 296
305 0.73959500104877252 1.4781385847055826 -0.25300347058590333 0 0 0 0.60031267243054431 5 408 9 408 3 360 11 304 7 335 6 306
302 0.83487325389670708 1.6217963851810184 -0.7028302129676216 228 228 228 0.42161897446962332 5 411 9 411 3 376 11 309
301 -0.11006072808332359 1.8869983791532501 -1.4121923799918037 128 128 128 0.53079849618807595 5 418 9 418 3 368
300 0.75888938378926085 1.4645184956074591 -0.19761846152951507 0 0 0 0.60217032776329837 5 371 9 371 3 346 11 284
299 0.75888938378926085 1.4645184956074591 -0.19761846152951507 0 0 0 0.60217032776329837 5 370 9 370 3 345 11 283
127 9.705351594252404 -2.1827034019730944 15.274983785552013 231 231 231 0.40490489343880648 206 622 4 683 1 634 83 308 2 498 78 404 10 498 79 339
126 2.5996542708911909 -1.2553182619313015 8.8355621179043684 130 130 130 0.64345664072895004 206 777 4 670 76 674 77 581 78 487 205 999
124 6.2849747175582324 -0.040606953814586157 6.9103840024884171 0 0 0 0.44697443525846864 206 656 4 641 1 590 5 307 1 644 9 307
123 3.3059304465825901 -0.90344084348723275 8.4016713390115605 0 0 0 0.5508878260189507 208 1211 4 629 1 633 206 651 76 687 75 547 77 592 73 363 78 497 205 1061 83 403 2 603 10 603 79 425
122 3.362955429717946 -0.95147374601389001 8.3826587954760647 130 130 130 0.41713598790720713 206 480 208 1208 4 627 1 580 76 657 75 529 77 576 73 349 78 466 205 1011 83 375 2 569 10 569 79 393
121 3.3627779436429166 -0.95141640183976173 8.3823069658490255 130 130 130 0.42310429554191237 206 479 208 1207 4 626 1 579 76 656 75 528 77 575 73 348 78 465 205 1010 83 374 80 362 2 568 10 568 79 392
120 3.4199541061604584 -1.0055485482704856 8.3523286983665628 0 0 0 0.25747622788840513 208 1202 4 624 1 575 76 654 206 302 75 525 77 573 78 462 205 1008 83 370 80 349 2 566 10 566 79 390
119 3.4772696790568953 -1.0499094054638778 8.3323595375875605 130 130 130 0.46482785243827007 206 636 4 620 1 628 76 682 75 543 77 588 78 494 205 1059 83 400 80 359 2 562 10 562 79 420
118 3.6075467847264857 -1.1595730829784801 8.2772850534038014 0 0 0 0.32505134602498431 206 626 208 1188 4 616 76 678 75 540 77 585 78 491 83 399 80 358 2 561 10 561 79 417
117 2.5341677797863587 -1.3273863181074439 8.9020717918847403 0 0 0 0.3671510758739327 206 635 208 1177 4 614 76 673 75 516 77 564 73 337 78 486 205 992 74 457
115 6.2898533315237835 0.095298623549209663 6.8086079624412408 130 130 130 0.21005363794552132 208 1278 4 595 1 551 5 280 9 280 3 239
114 6.2417297380974981 0.069921548254744045 6.8494800569132765 0 0 0 0.35084296362113881 208 1272 4 594 1 550 5 245 9 245 3 217 206 326
113 6.3000355139395268 -0.020872287544538237 6.7981214642465604 130 130 130 0.12528036207471102 206 315 4 589 1 546 5 237 9 237
112 6.2283414174540495 -0.10441124066536846 6.8846207235758605 130 130 130 0.34764607595216845 208 1253 4 584 1 542 5 279 9 279
111 2.6410509442294874 -1.0552324045148997 8.7845115424572011 130 130 130 0.26455675489063757 206 493 4 569 1 527 76 636 75 471 77 554 73 297 78 446 205 869
110 2.5603748869155827 -1.2022264048283391 8.8474357435299442 0 0 0 0.38941090563850078 206 304 208 612 4 554 1 517 76 621 75 493 77 543 78 437
109 3.5521661719892479 -1.1123416774824053 8.297607285237584 130 130 130 0.34131586918410983 208 881 4 549 76 650 75 523 77 571 78 458 205 1004 83 366 80 344 2 525 10 525 79 384
108 2.570778379829405 -1.2648688712992178 8.8661403145280691 130 130 130 0.95195087394207079 206 472 208 862 4 545 75 489 77 565 75 517 73 338 78 454 74 434
107 6.0438993044635776 -1.1825895082490283 8.4847312599471358 130 130 130 0.49681043246526074 208 871 4 539 83 344 80 310 2 491 10 491
106 6.2516111242144436 -1.3458586078453492 8.4060481374662661 130 130 130 0.45211699974569491 206 67 4 532 83 336 208 850 80 297 2 481 10 481
105 -1.3093733673043009 1.8892524942500459 -0.097881726732126279 111 117 134 0.76424318011781545 206 731 4 524 1 502 5 272 9 272
104 2.4553905776403355 0.59420904293820676 10.357236117450171 231 231 231 0.62047330353088126 208 731 4 471 1 454 5 259 9 259 3 224
103 6.1956055475740941 0.009019906479656949 6.8531703188335999 130 130 130 0.31600747516474237 206 83 4 411 1 408 5 156 9 156
101 0.90267919389066364 -0.52579746342709688 7.367823592642357 56 57 57 0.54273447783267736 208 1228 4 399
151 -1.1812945843955689 2.0003885773219081 -0.071086116555227591 61 64 75 0.69635011947984182 4 303 1 325 5 232 9 232 3 236
169 3.5327672021874146 -0.88625267866153112 8.2676847842173249 0 0 0 0.56027518828668543 208 1581 1 722 205 1126
710 3.4254697330106754 -1.1158259213647703 8.3565350617303764 0 0 0 1.4293211960782399 4 335 75 473 78 388 76 578 75 402 77 441 205 777 83 328 80 229 80 321
170 3.2955059779846145 -0.81576970163031304 8.4584274157708705 130 130 130 0.088698322945952354 4 779 206 872 1 728
171 2.8022868442360949 1.2875206713339178 1.6004683193084495 231 231 231 0.497952449052185 206 883 1 746
173 -1.2976171951480655 1.8475560835197518 -0.1235916569513888 59 62 72 0.72542663790985551 4 877 1 811 5 430 9 430
714 2.7440713390977494 -0.97814957881304621 8.7123529335538539 0 0 0 1.3963266704362249 4 364 76 605 75 477 73 301 78 449 73 331 76 640 79 354 79 371 74 427 74 455
187 3.2273338920654098 1.17138462633867 1.5655510964428778 8 8 8 0.00089691038856445037 1 279 5 107 9 107
188 0.21220394097927495 1.4674581657347672 -1.4341948950708212 8 8 8 0.16414353475611088 1 291 5 120 9 120
189 0.81877498527293013 1.5440625235123482 -0.48484350239075458 0 0 0 0.87618095292371379 1 187 4 75 5 123 9 123 7 213 12 204 16 132 18 100 22 51
190 0.80696644112589289 1.5466060638815531 -0.52312769274116244 0 0 0 1.4203421954795812 1 189 4 76 5 125 9 125 11 129 7 215 6 169 12 206 8 227 13 239 15 291 14 204 14 224 16 135 18 103 17 116 19 49 22 50
191 3.2361259016651731 1.3132535844074396 1.4270568866831996 231 231 231 0.73817567624580116 1 426 5 169 9 169 11 116 6 105 12 94 13 127 15 122 18 57
193 3.3267505473151249 1.322322349919379 1.4347770751274582 231 231 231 0.60696974101095191 1 428 4 437 5 171 9 171 3 163 11 115 7 145 6 104 12 92 13 66 15 69 14 62 16 29 18 14 17 11
194 0.77939776156593066 1.5558074019501558 -0.53187610173181477 226 226 226 1.1235972376675922 1 312 4 173 5 189 9 189 3 227 11 174 7 235 6 171 7 166 13 240
197 0.56444513804225971 1.5306614829535399 -0.53297015594568709 226 226 226 0.04691595273118751 1 448 5 192 9 192
201 2.0999422165584334 1.7409004336466873 1.9777572805094068 130 130 130 0.017973108462886883 1 469 5 202 9 202
209 1.9647250762258639 1.9461541901839747 2.0437033179634163 130 130 130 0.34188407346087901 1 484 5 218 9 218 3 201 208 798 14 147 7 187
212 3.1649612428478346 1.2139665299873392 1.487846800548513 231 231 231 1.0760980450528472 1 423 4 429 5 254 9 254 3 161 8 141 13 84 15 175 14 122 16 57
753 2.9378456895451306 -1.3518365176186873 6.0407039787292574 0 0 0 0.57314515700656787 75 233 77 294 76 402
216 0.74230933642700203 1.5468312052217492 -0.52045432678488623 226 226 226 1.2402282255328096 1 311 5 263 9 263 3 226 11 193 7 254 6 250 12 255 8 268
217 0.79852589528770268 1.6420048440758668 -0.80653325727910208 227 227 227 1.5891999389975568 1 456 5 265 9 265 11 197 11 135 7 174 6 95 12 144 8 184
225 3.3804349660726674 1.3796348164535632 1.4930303988914175 231 231 231 0.53175993007142119 1 603 5 315 4 602 9 315 3 266 11 208 7 244 6 212 12 224 13 193 15 279 14 210 16 126 18 90
230 2.1984256655445105 1.762795221486819 1.9579537158889553 130 130 130 0.96709736156331383 208 1627 5 325 9 325 3 282 7 274 12 248 8 219 208 1345 13 201 15 259 14 219
238 2.1530586173188282 1.9554575413735149 1.9512236228973046 130 130 130 0.22050782640672525 208 1763 5 351 9 351 3 315 11 252 7 298 206 799 6 269 12 275 8 264 13 264 15 322 14 263
243 0.77606009481263127 1.5689996062757299 -0.56951772083313423 0 0 0 0.4391401031023458 1 705 4 703 5 373 9 373 3 327 11 287 7 313
251 0.71869618058641205 1.4301520650999415 -0.14794430904859526 225 225 225 0.20433089194180631 1 778 5 394 9 394 3 359
192 3.3026115851478499 1.3216208622823438 1.4107821863929342 231 231 231 0.1593348820773309 1 427 4 436 5 170 9 170 3 162 11 114
706 2.7987545971735561 -1.3006177011413613 8.7197032825631027 0 0 0 0.36851315479585517 4 328 75 462 73 286 78 415 74 416
165 3.2138658026920988 -0.76269575385415211 8.5359012589891954 59 62 72 0.55102423830064173 4 634 206 783 1 638
196 0.66436064753629176 1.5385475925497785 -0.4789324637788584 226 226 226 0.87665370758775107 1 450 4 462 5 191 9 191 3 229 11 176 6 204 12 210 1 191 8 229 13 243 16 140 22 62
208 1.9829874891892958 1.9499516276129034 1.9035889612144317 130 130 130 0.34264911278487198 1 481 4 499 5 217 9 217
722 2.2515995524036678 -1.1805147456646981 9.0533133840042144 231 231 231 0.76232762722137293 4 347 75 492 73 316 74 439 71 265
210 6.1930049410452321 -0.043346215017148769 6.8646405956089751 0 0 0 0.091714064576665477 206 317 5 236 9 236
724 3.5651616920422429 -0.85172282036955116 8.2530528931701408 0 0 0 1.0988145947171992 1 362 75 512 77 561 76 660 78 468 83 376 80 322 2 531 10 531 79 373
183 -0.19022262118380792 1.1014550321476522 -1.3283779071399138 8 8 8 0.0053585614704972986 1 125 5 4 9 4
239 3.2915410615664231 1.2794627922415751 1.4425669580623799 59 62 72 0.64365725565110332 1 744 4 794 5 361 9 361 3 324 11 274
762 5.1391529005802239 0.038278983215806639 11.493089448186819 231 231 231 0.88719682690610335 4 158 76 504 77 414 1 174 3 72 5 59 9 59 6 79 7 115 11 25 78 326 83 219 80 191 79 249
221 0.80028473729441874 1.5352540531624039 -0.49014772505395793 0 0 0 1.1442898206993337 1 564 4 459 5 286 9 286 3 248 11 220 6 247 15 308 16 145 17 117 19 50 22 64
870 0.80777548349119932 1.5494636973720093 -0.50479192875310752 236 236 236 0.51391810792522918 16 69 17 53 19 16
872 0.86646193951130901 1.6020695744329496 -0.65798546385264955 0 0 0 0.087911224913234859 18 61 17 65
873 0.87664690553399116 1.6068984767285306 -0.65397508954761452 0 0 0 0.54767287292547551 18 62 17 66 19 23
875 -0.40743942831214275 0.93157181064228611 -1.0482781423984209 236 236 236 0.15727806442076794 18 67 17 97
876 0.84260572308239046 1.5887512452685408 -0.66035005384349765 0 0 0 0.59976795457424448 13 275 17 112
877 0.75093808467262824 1.5206362646522527 -0.40123389611554772 0 0 0 0.78228756315762871 18 108 17 123 19 54 22 57
878 0.75093808467262824 1.5206362646522527 -0.40123389611554772 0 0 0 0.7822875631576286 18 109 17 124 22 58 19 55
879 1.1335025325366332 1.4608592618662435 -0.27027474149502267 235 235 235 0.57119108920994477 18 111 17 127 19 58 22 63
880 1.471527631185275 1.4902874151767438 -0.35095954645375743 231 231 231 1.2986657571806564 3 20 11 42 7 9 7 152 6 61 12 5 12 112 13 68 15 1 14 77 17 38 7 203 12 170 13 133 15 184 14 159 16 45 18 60 19 2 19 13 22 10 22 24
883 0.70976085433530545 1.4852419928309455 -0.32607104248209623 236 236 236 0.31873956714674434 15 160 19 27
884 0.70679926060599407 1.4966405393580264 -0.4156481387713033 0 0 0 0.038793595747502643 18 49 19 33
885 -0.64514675445632519 0.80630731296214575 -1.0771779808444826 236 236 236 0.0044475278814112233 14 100 19 46
886 -0.64514675445632519 0.80630731296214575 -1.0771779808444826 236 236 236 0.0044475278814112233 14 99 19 47
887 0.80402997700926371 1.546766451143176 -0.5074654457734179 235 235 235 1.2391598056573128 16 70 17 54 19 17 7 11 14 56 15 162
888 1.1429403513247767 1.4534268925148637 -0.26901052700404643 235 235 235 0.062841794074508975 17 39 22 8
889 0.083415841575171693 1.1888450120575869 -0.75950712583263846 236 236 236 0.21254218356385127 16 117 22 13
890 0.74601931811859157 1.6044771805198252 -0.82259509302606904 0 0 0 0.98725001593894601 17 48 18 86
891 0.90367080329178218 1.5153842315980501 -0.43914845640356776 236 236 236 0.57585289250155025 19 37 22 36
892 0.92393553592740607 1.7004530587935958 -0.76987000950681028 236 236 236 2.1595091681642486 19 9 22 47
895 2.6933054076173275 -1.2316484771400678 7.4493810715767159 130 130 130 0.71404444575423154 75 103 78 131
899 8.5295359646826405 -2.2808600412958073 15.93672201673119 25 25 25 0.55756626055730629 1 531 78 369 2 459 10 459
900 8.5295359646826405 -2.2808600412958073 15.93672201673119 25 25 25 0.55756626055730629 1 532 78 370 2 460 10 460
903 2.7315973249166294 -1.7154015872568591 5.5748546867912809 98 103 118 1.4298846265931191 76 187 78 91 77 63
904 2.7994952328584484 -1.6477018810558106 4.7162508186805212 25 25 25 0.11636352915260015 76 298 78 164
905 2.0072379596949466 -1.1807706544248773 9.2435385319647079 57 57 57 0.19091841022715136 76 370 77 250 205 224
906 2.021245785843135 -1.1588986053750101 9.2729100538157496 9 9 9 1.478150715269658 76 371 205 228 74 261 71 91
907 3.001727112781809 -0.76800218311355106 8.8044394711494771 5 5 5 0.87945819520050095 73 156 75 120 205 245 77 30 78 135 76 403 83 199 79 185
908 1.6088221741887132 -0.85841445046451814 8.4461443758903645 8 21 43 0.55523313799867247 73 215 205 446 75 368 77 408 74 376 71 192
909 2.0209850944331782 -1.1071692082443674 9.2917609280690208 9 9 9 0.61776878317867112 75 299 205 450 71 175
910 2.0356187973661042 -1.0952782000962786 9.3253655555418487 119 119 119 0.68771911772601813 75 199 77 256 205 451 73 84
911 2.0069636421374173 -1.0880941804559838 9.2735907083361404 122 123 122 0.84435563662009072 75 356 77 437 205 644 73 198 74 367
912 3.5312680742067712 -1.0936700069435779 8.3104880928138414 130 130 130 0.75275032147652388 75 404 76 488 77 395 78 318 205 665 75 360 80 225 2 312 10 312
913 3.5312680742067712 -1.0936700069435779 8.3104880928138414 130 130 130 0.75275032147652388 75 405 76 489 77 396 78 319 205 666 75 361 80 224 2 313 10 313
143 -1.3013142422931125 1.8465253595813116 -0.1359218928020629 59 62 72 0.73818789256691575 206 1078 4 876 1 810 5 429 9 429
684 3.1005777028100918 -0.74135475934811268 8.6410816026403694 110 115 132 1.1170692689235122 4 238 75 371 79 254 83 273
914 2.4746317349173168 -1.8293765668176656 9.0077301684991671 108 114 130 0.35291234160378565 77 371 205 721 74 337
915 2.4746317349173168 -1.8293765668176656 9.0077301684991671 108 114 130 0.35291234160378565 77 372 205 722 74 338
916 1.6430448537266604 -0.93838008011082341 8.5192285691408696 6 21 42 0.56674428311046043 75 445 77 492 205 743 73 249 74 389 71 221
917 1.5918292503866427 -0.89300758110215084 8.4622321110344139 124 124 124 0.4389994382943993 73 279 75 448 205 747 77 493 74 409 71 239
147 -2.03793108392866 1.3409253044788394 -2.7048907920310419 0 0 0 0.2037810663454814 4 327 1 220
918 1.5918292503866427 -0.89300758110215084 8.4622321110344139 124 124 124 0.4389994382943993 73 280 75 449 205 748 77 494 74 410 71 240
919 1.541879193216481 -0.79290123211983765 8.2889184750202158 14 14 14 0.66341559659544536 73 302 75 481 205 751 74 428
920 2.8784536628928312 -1.4419587747130342 8.7112026134614382 130 130 130 1.8582171358422801 75 284 205 752 78 184 73 230 79 323
150 1.9304779177963862 0.39177009111700478 9.2213143225591612 206 206 206 0.68893849916065064 208 308 1 303 5 121 4 299 9 121
921 3.0350322321247631 -0.73848557304816143 8.7414836760843535 117 123 141 0.68918875745762409 76 607 77 529 205 783 75 482 78 427 83 332 73 304 79 356
152 6.2333921135454302 -1.2999684709136645 9.4854251931667335 102 107 123 0.18320416475219381 4 340 206 618 1 336
923 2.0074966748209055 -1.1504012386143754 9.2768449023686337 7 14 24 0.64026024866027997 73 289 76 597 77 481 205 854 71 235
153 2.2582497859291299 -0.86612111885073462 9.1122479323315577 100 105 120 1.0314799303917275 208 239 1 395 5 149 9 149 73 214
924 1.4174832404605191 -0.76683109770557722 8.0555729925860877 6 20 42 0.81095864720152622 75 510 205 856
925 1.7631975777047255 -0.98404802649338619 8.77080925805239 6 20 42 0.4784805623949957 73 273 75 444 77 525 205 857 74 400 71 237
926 1.763523011799538 -0.98415112542655725 8.7724215196488036 6 20 42 0.21431272361146161 77 526 205 858 73 274 74 401 71 238
927 2.5083218043098281 -1.2711782954380753 8.8995409566076606 0 0 0 0.2542797136717691 73 312 76 619 77 541 78 436 205 865 74 433
1034 9.6105255002789889 -2.1154862310918308 15.354373714187361 231 231 231 0.51066372348921163 1 725 4 775 83 383 2 607 10 607 79 404
1035 8.5654501779927905 -2.1854413545720619 15.854842756621467 25 25 25 0.45823846283697645 4 781 78 475 2 610 10 610 79 406
1051 3.2907688047405292 -1.6905325264159092 8.3498837048665742 0 0 0 1.0868215267911217 73 110 77 183 76 436 83 72 78 177 78 296
1052 3.2844009578814175 -1.6897232767794395 8.3132693172353864 0 0 0 0.83358588569013936 73 109 77 182 76 435 78 120 83 71 78 176
1053 3.413973150048859 -1.1045666861794763 8.3676247348553652 0 0 0 0.14724468454043635 2 47 10 47 79 54
1054 3.413973150048859 -1.1045666861794763 8.3676247348553652 0 0 0 0.14724468454043635 2 48 10 48 79 55
1055 3.0613182520444342 -0.74135043014718116 8.6356613295122049 0 0 0 0.61522644630845746 73 68 75 121 76 159 78 76 83 20 79 67 77 209
928 3.505191639705235 -1.1050664045653935 8.3172690441152675 0 0 0 0.98404432998018554 75 474 76 581 77 523 78 419 205 874 83 296 77 444 80 262 2 448 10 448 79 349
1056 3.0613182520444342 -0.74135043014718116 8.6356613295122049 0 0 0 0.61522644630845746 73 69 75 122 76 160 78 77 83 21 79 68 77 210
158 -0.099218167486413295 1.9078670234922652 -1.3864797439144283 125 125 125 1.1204680431145067 4 505 1 491 5 330 9 330 3 290 11 255 7 264
699 2.602066990168268 -1.0832013513222387 8.8142558871778398 0 0 0 0.50153793875184682 4 352 76 576 75 439 77 519 73 272 78 422 205 764 74 404
929 3.505191639705235 -1.1050664045653935 8.3172690441152675 0 0 0 0.98404432998018554 75 475 76 582 77 524 78 420 205 875 83 297 77 445 80 263 2 449 10 449 79 350
1057 2.9898840865372933 -1.7392266261285794 8.6228994281322766 109 114 131 0.90641839517852707 73 45 75 10 79 93
159 6.2870489549027724 0.03701851724127906 6.7953306129366187 0 0 0 0.10135435863813165 208 1270 1 548 5 242 9 242 3 214
930 3.5305705062711898 -1.0649132640437582 8.3064914826916709 0 0 0 1.1605325451825035 75 479 76 541 77 487 78 357 205 877 75 446 83 298 80 265 2 451 10 451
1059 2.9898840865372933 -1.7392266261285794 8.6228994281322766 109 114 131 0.90641839517852707 73 46 75 11 79 94
932 1.9875877473397632 -1.0652133783778417 9.2215886374811014 9 26 43 0.42660990300361984 75 468 76 633 77 549 205 938 73 294 75 499 73 319 74 420 71 255
1061 2.9994663694428207 -2.1660382185042031 10.020384588005587 9 12 14 0.43007056239277464 75 133 76 163 78 139 79 101
163 5.5340158195956928 -0.081858515240018623 5.0439334553652344 231 231 231 0.71909163404993925 4 684 206 860 1 635
934 3.2554675044364672 -0.84117683016966727 8.4240147671234382 130 130 130 1.2342654860939708 75 548 76 688 77 593 78 498 205 1062 83 405 79 426
1062 2.9999610138843456 -2.1052365726783902 10.024700509263281 9 11 14 0.7173262934221073 75 182 76 272 77 224 78 142 79 109
164 5.3342488643950627 0.11001120692949078 4.4887335695347819 101 101 101 1.0795189655751083 4 686 206 863 1 636
935 2.7158683015851541 -0.56767125716819278 4.5498370792048242 142 142 142 0.90820365458521413 208 870 205 879
1063 2.9999610138843456 -2.1052365726783902 10.024700509263281 9 11 14 0.7173262934221073 75 181 76 273 77 223 78 143 79 110
936 4.063711126955023 -1.4442671126570459 6.2314302579115139 0 0 0 0.38308759218703908 205 243 83 103
1065 3.3379001204187135 -1.7123222066634305 8.4885061142362304 109 115 132 0.27981496500318154 73 108 83 66 79 132
938 9.6807875287057641 -2.2385149446796069 15.165362761716606 231 231 231 0.30549376012425017 4 222 83 163 2 241 10 241 79 198
1066 3.6265019544858572 -1.0144009776215057 8.8017648848897991 130 130 130 1.3843076879830853 75 315 80 177 77 274 79 160
939 9.7637533798644132 -2.2001551139667495 15.205630521601424 52 52 52 0.25055182821119321 4 228 83 166 2 328 10 328 79 201
1067 2.3701914371895483 -0.88061955790847002 9.0173811304894116 59 62 72 1.1165518580809424 73 179 78 225 76 498 74 351
1068 2.986545771351981 -2.1271380150513299 10.004455546832263 9 11 14 0.70639528067337098 75 179 76 410 77 221 78 236 79 195
1069 2.9846063241536012 -2.1245621117636637 9.9810038274605581 9 11 14 0.91130744684490617 75 180 77 222 79 196
1070 2.7766674905483804 -1.9817598244707557 9.0345492322863219 29 30 30 1.0342546118045761 73 41 76 276 77 313 78 278 79 205 74 92 74 244
1072 3.5247484697014562 -1.0747582109000158 8.3113996759214608 0 0 0 0.6427631449133443 2 315 10 315 75 319 78 270 80 181 79 226
1073 3.0906329085580015 -1.2893346129057317 8.7468281320818377 62 66 76 0.82230494426343337 73 238 75 355 76 530 78 303 79 242
946 6.0203941076656653 -1.589528787697964 8.5556024300072764 130 130 130 0.13969332981261595 208 846 83 310
1074 3.0899295130522337 -2.1800005260692141 9.6928694589660793 29 30 30 1.5471660186957963 75 335 77 220 78 138 79 257
947 6.0203941076656653 -1.589528787697964 8.5556024300072764 130 130 130 0.13969332981261595 208 847 83 311
1099 2.7898264836465216 -1.9684854316833977 9.0273815125354524 98 103 118 1.1525026126606643 75 135 77 131 78 154 74 0
558 2.0206234164430654 1.931886623246595 1.9957592450484078 130 130 130 0.64852401569172136 4 758 15 325
1042 3.3494303704699431 -1.6997686884446945 8.5316764356874017 0 0 0 0.63065472273412337 75 460 77 506 73 282 76 592 78 408 83 312
1101 1.644300153445142 -0.91225216797857711 8.5191977912248369 30 83 41 0.45845453445617723 73 32 75 15 77 26 74 9 71 10
560 0.83912477988345313 1.5294449144593325 -0.50307319003168738 235 235 235 0.95583165187200803 15 349 14 289 16 168 18 123 17 142 19 63 22 71
203 2.159627544055311 1.872321730930812 1.9774716540634525 0 0 0 0.41558176545940029 1 476 5 204 9 204 3 195 11 139 7 177 14 138 8 121
974 3.524658403501594 -1.0746059498472877 8.3108628534281657 0 0 0 0.61695696135668066 75 318 78 269 80 180 76 458 79 225 2 314 10 314
1100 1.7812744970325665 -0.97840613655204889 8.7812832015239977 122 122 122 0.048060572621900617 77 19 74 8 71 9
202 2.0999422165584334 1.7409004336466873 1.9777572805094068 130 130 130 0.017973108462886883 1 470 5 203 9 203
973 3.5145447522896656 -1.0736960433622205 8.3449763325322817 130 130 130 0.11667951245351102 75 314 80 178
1159 2.2839530269460222 -1.2986061485544156 9.0920724517301093 124 124 124 0.4077403283992338 73 310 75 485 76 648 77 537 74 432 71 263
618 3.3464177750718545 1.4252447374618797 1.4162079213084702 111 116 134 0.35248252647347555 14 89 18 30
1032 6.3491510735225889 -1.5056277489457535 8.395352629453825 130 130 130 0.44988772676427996 206 848 2 589 10 589
1102 1.6724515576987087 -0.91802424564225271 8.3477075297527747 27 83 38 0.96854059971226025 73 33 74 11
204 2.1564746961048455 1.8719119692312498 1.9729199379681697 0 0 0 0.30982207974003145 1 477 5 205 9 205 3 196 11 140 7 178 14 139
975 3.6353199328170316 -1.1774525454478961 8.2715629629319896 0 0 0 0.53103606131937287 75 398 76 535 78 345 80 220 83 293
1103 1.4142092243719397 -0.73430888560784402 8.1255277967459598 118 119 119 0.14789737838627018 75 123 74 13
562 0.74118113735154623 1.5196080862871264 -0.41698354230091161 0 0 0 1.2182602267010796 8 283 12 271 15 354 19 70
205 2.1738528142409659 1.9357498016498065 1.9425302334804857 130 130 130 0.36953015228399155 208 1057 5 208 9 208 3 197 11 143 6 140 12 135 8 165 14 141
976 3.6353199328170316 -1.1774525454478961 8.2715629629319896 0 0 0 0.53103606131937287 75 397 76 536 78 346 80 221 83 294
1104 2.1216889586038512 -1.1516301476824617 9.5376593138832231 27 83 39 0.49858663949131887 73 48 75 89 76 258 74 174
563 2.5595057409104318 1.0977877257231117 1.9791987035872081 0 0 0 0.1293609034823088 6 277 13 293
206 2.1738528142409659 1.9357498016498065 1.9425302334804857 130 130 130 0.36953015228399155 208 1058 5 209 9 209 3 198 11 144 6 141 12 136 8 166 14 142
977 3.4475373182784841 -1.0143265802200607 8.3822185068823352 0 0 0 0.10133497394878078 75 414 80 233
1075 3.3707232921334556 -1.163056790309273 8.3517298196568177 130 130 130 0.18052311766231624 73 247 76 537 79 284
948 6.080686610646028 -1.3830289464053065 8.5060632026059526 130 130 130 1.1344302517800795 4 305 83 316 80 271 2 394 80 205 83 232 10 394
1046 3.5716960672864513 -0.84012222120598457 8.241739545385812 0 0 0 1.2084045524885305 2 463 83 305 77 461 80 241 10 463 79 333
1105 1.9876902630826196 -1.1051164135368656 9.2460086920457893 26 81 39 0.4030064068842843 73 49 75 94 74 177 77 84 76 262 71 23
23 2.762937190924093 -1.1090240784366678 8.7249494940128685 0 0 0 0.30693682600212457 208 900 206 481 76 634 75 504 77 552 73 326 78 444 74 448
564 1.7811514257267353 2.0723524157711926 2.1027004061521661 59 62 72 1.1387189691942152 8 328 13 328 15 383 14 313
978 3.4475373182784841 -1.0143265802200607 8.3822185068823352 0 0 0 0.10133497394878078 75 413 80 234
1076 3.3707232921334556 -1.163056790309273 8.3517298196568177 130 130 130 0.18052311766231624 73 248 76 538 79 285
949 6.0732034285214693 -1.3799997948156808 8.4952966533935381 130 130 130 0.62101949380704824 4 306 83 317 80 272 2 395 10 395
1047 6.7844794143188354 -5.6764079163845764 15.291828477830858 231 231 231 0.093601761775448364 2 469 208 1076 10 469
1106 1.9976699112121756 -1.0891748494898486 9.2887006782936439 117 122 117 0.31518296178040811 75 95 76 263 74 180 71 24
565 0.84425152880246701 1.5380447932493482 -0.52052781817965565 231 231 231 1.6877466716505474 7 233 6 196 8 223 13 236 15 288 6 245 206 368 12 250 8 254 13 268 14 250 16 143 18 98 17 109 19 38 22 37
1077 3.3964783303107029 -1.1639553894395658 8.2981338042111972 130 130 130 0.22343182554247229 73 209 83 252 79 286
950 6.1016806450286811 -1.1821276834789518 8.4583862247974615 0 0 0 0.5798175865015579 208 873 83 320 80 278 2 447 10 447
1095 3.11715943944639 -1.1607400907017482 8.897819347394794 107 113 129 1.5717211026450786 75 206 76 372 77 257 78 199 79 220
554 0.75904456737895054 1.3920645993837635 0.0096273847533535108 129 129 129 1.0551359952433426 13 205 15 286 14 240
1108 1.7462686532190035 -0.99069944722803571 8.7032156356946295 34 85 44 0.45801725038344676 73 57 74 199 75 112 77 198 71 33
567 2.0482140896539094 1.9569461450831112 1.9879555387184795 130 130 130 0.61731919362565058 1 480 4 498 5 216 9 216 15 196 3 199 7 185
1079 3.0674281777096675 -0.75393264904480117 8.626380840535381 0 0 0 0.56480524154933587 73 259 75 416 78 365 79 303
952 6.0451674143197023 -1.1822480527555108 8.4859904378709121 130 130 130 0.19488198197115961 208 872 83 343 80 309
1050 3.8125554676285143 -1.7935713609193298 8.3239900084649321 109 115 132 0.90656469439591325 75 83 77 75 78 22 80 17 79 15 83 11
1109 1.6242063807729337 -0.91683364700890568 8.4595964863987838 30 84 40 0.56423983259787125 73 62 75 160 77 204 74 216 71 42
568 0.83651458147725311 1.5286901608541039 -0.45524613443333006 0 0 0 0.68575178193982023 11 128 7 160 15 267 12 123 8 154 13 146 16 112
211 6.2069225926838998 0.65245921321789768 6.1617207864370602 106 111 128 1.5598834177222771 4 647 206 93 5 250 9 250 3 242 11 107 7 132 3 123 6 150
725 3.5653079383652275 -0.85147443798698474 8.2534466200383267 0 0 0 1.1799135297190171 1 363 75 513 77 562 78 469 76 661 205 948 83 377 80 323 2 532 10 532 79 374
982 3.6022817468233894 -1.7139543045412846 8.9241427748016182 59 62 72 2.1936858452045227 75 383 76 562 77 471 83 289 80 254 79 267
1080 3.0674281777096675 -0.75393264904480117 8.626380840535381 0 0 0 0.56480524154933587 75 417 78 366 79 304 73 260
953 6.1563086104263451 -1.1645745690717937 8.4271019270904262 130 130 130 0.15659618829865612 208 875 83 345 80 311
1048 6.7844794143188354 -5.6764079163845764 15.291828477830858 231 231 231 0.093601761775448364 2 470 208 1077 10 470
1107 1.7476843421966601 -1.0112128802352867 8.7335496898266101 10 21 13 0.2976588530363129 75 107 74 194 71 29
566 0.43831806192932854 1.5824326286552375 -0.57677872662203278 235 235 235 1.0876399623679867 1 458 8 273 4 470 15 330 206 373 13 278 18 128
1078 3.2890536392973395 -1.0873699272140338 8.3151571188334561 0 0 0 0.15684859546646371 73 252 79 294
951 6.2191178723439151 -1.2217636753634031 8.3911452760457301 130 130 130 0.15289571134675159 208 861 83 342 80 305
1033 9.6105255002789889 -2.1154862310918308 15.354373714187361 231 231 231 0.51066372348921163 1 724 4 774 83 382 2 606 10 606 79 403
1092 3.195277245094192 -0.77932230674762093 8.5075557854830706 59 62 72 1.1959389427475031 75 511 77 563 83 379 79 375 78 470
10 6.3428838684027369 -1.327037971722137 8.353648496656362 130 130 130 0.13844101232408867 208 852 206 275
551 2.2943310775608698 1.1771926010534295 2.0050436990119938 231 231 231 0.26805189387094669 6 214 15 249 14 189
1091 2.8617495310227845 -1.4206447016340535 8.8448132526290326 130 130 130 0.55195133681630626 73 309 77 536 78 433 79 366
550 1.9639030172187375 1.9417660711040901 2.0398217874962326 130 130 130 0.10545579124227697 4 497 15 236
1031 6.0467935899441372 -1.5391288559908136 8.5234401828569801 130 130 130 0.23773486255546875 206 852 2 588 10 588
1090 2.85731203442894 -1.4297500293325403 8.6682804255896766 130 130 130 1.4901098324028694 73 308 77 535 78 432 79 365 74 412
549 1.9639030172187375 1.9417660711040901 2.0398217874962326 130 130 130 0.10545579124227697 4 496 15 235
1089 2.8113341843871531 -0.82505924974400924 8.7652230654375192 0 0 0 0.54740751557679079 73 303 78 425
548 2.0583676957544079 1.920690373077595 1.9993168976770259 130 130 130 0.63678424852602344 5 269 8 168 9 269 15 230
1088 3.3255683915545973 -1.3627423235112255 8.4546586074153751 130 130 130 0.28946545794179901 10 439 77 512 79 344 2 439
547 2.0583676957544079 1.920690373077595 1.9993168976770259 130 130 130 0.63678424852602344 5 268 8 167 9 268 15 229
1087 2.9729324661994529 -1.7609995402935426 8.7754555001956973 109 114 131 0.80844752641313422 73 305 75 459 76 591 77 505 78 407 79 341
5 1.4557081860497749 2.1916305233084774 5.5871288803760875 0 0 0 0.11387976995720842 208 773 206 386
546 2.201596802272916 1.7546669032301236 1.9476868321016099 130 130 130 0.50089161924194359 7 217 15 218
1086 3.0969248731082422 -1.6922843212197551 8.6646972806693956 90 95 109 0.6251925211255589 73 227 75 382 76 564 77 473 78 380 79 317
545 2.2028352690203805 1.7547778279595529 1.9484129759685958 130 130 130 0.47373653965118057 7 216 15 217 11 136
1085 3.0969248731082422 -1.6922843212197551 8.6646972806693956 90 95 109 0.6251925211255589 73 226 75 381 76 563 77 472 78 379 79 316
544 2.537150190381626 1.7576685938586347 1.877259935806334 231 231 231 0.17414615982019863 8 149 15 185
1082 9.398018921785015 -2.1318150184699034 15.350264700916451 25 25 25 0.2293423514897322 2 419 4 575 10 419 79 307
955 6.0546431079751324 -1.4290740763120473 8.5250561899890069 0 0 0 0.42986011696432586 206 609 208 1415 83 357 80 331 2 554 10 554
1081 9.398018921785015 -2.1318150184699034 15.350264700916451 25 25 25 0.2293423514897322 2 418 4 574 10 418 79 306
954 3.4367848958332958 -1.115437901249881 8.3836270251312772 0 0 0 0.088094847900719933 208 176 83 349
1030 6.0467935899441372 -1.5391288559908136 8.5234401828569801 130 130 130 0.23773486255546875 206 851 2 587 10 587
1029 9.7985255199867627 -2.0129223882304204 15.193546570949128 41 41 41 1.1228095047551023 83 391 2 574 10 574
257 2.1436443825617797 1.7998412191633582 1.9699429707792715 130 130 130 0.55805011412052252 1 800 4 852 206 1026 5 413 9 413 3 364 11 302 208 1884 7 339 208 1918 6 310 12 317 8 320 13 322 14 304
1028 9.7985255199867627 -2.0129223882304204 15.193546570949128 41 41 41 1.1228095047551023 83 390 2 573 10 573
256 0.82433271064365476 1.5634873742439546 -0.60125487617472373 0 0 0 0.96783051428084566 1 797 5 410 4 844 9 410 3 362 11 308
770 2.454190606220406 -1.013761758467427 8.8798603792545219 0 0 0 0.53445841102827252 1 221 76 544 77 443 71 226
1027 8.2326668575152588 -2.3937871624562819 16.021607362691594 231 231 231 0.5034608217873584 78 402 2 497 76 590 10 497 79 337
255 0.75726618928464562 1.4804236768817827 -0.23488670860476737 0 0 0 0.86302495328444429 1 796 4 843 5 409 9 409 3 361 11 305 7 336 6 307
1026 6.2206024254355166 -1.1950438456437151 8.3095424031927063 0 0 0 1.4977330871122663 4 536 2 489 10 489
254 1.0109588727868888 1.4056007093665164 0.026748230593964278 231 231 231 1.2425628353681368 1 777 4 797 5 407 9 407
1025 3.3044114263755997 -1.3411566227492147 9.7289944975200005 59 62 72 0.78456302822281376 208 609 2 454 10 454
253 0.69461633798786049 1.5478739231606393 -0.49981713820785051 0 0 0 0.74709293311690628 1 753 4 802 5 396 9 396 3 363 11 300 7 338 6 311 206 1025
1024 3.629045416864769 -1.1747947745048777 8.2653443179180321 0 0 0 0.23685589153346684 80 288 2 444 10 444
252 0.56808222711985168 1.5347460176095744 -0.47588716296146832 0 0 0 0.54338289497324865 1 754 4 800 5 395 9 395 3 348 11 288 7 323 6 301 12 320 206 796 8 321
1023 3.629045416864769 -1.1747947745048777 8.2653443179180321 0 0 0 0.23685589153346684 80 287 2 443 10 443
250 0.76834485350323123 1.4304015270810759 -0.089850287768691126 225 225 225 0.45851480762414515 4 841 5 393 9 393
1021 3.5984617930933624 -0.69489582754496204 8.2437594204878746 130 130 130 0.5052398014776015 4 382 2 425 10 425
247 2.9081064282087139 1.2963540151246995 1.6906636651057092 231 231 231 0.64408865736276588 4 840 5 386 9 386 3 337 11 275 7 303 6 292 12 301 8 300 13 298 15 341 14 279 16 167
1018 3.476837420800627 -0.91627660957740731 8.3109787194465081 130 130 130 0.61419025770060443 76 549 78 397 83 302 2 416 77 458 10 416
246 3.2679226235698655 1.3519483867765643 1.4700237104484022 231 231 231 1.1796853393287237 1 748 5 385 9 385 3 336 11 298 7 318 6 291 12 299 8 297 13 296 15 337 14 276 16 163 18 122
1017 3.476837420800627 -0.91627660957740731 8.3109787194465081 130 130 130 0.61419025770060443 76 548 78 396 83 301 2 415 77 457 10 415
245 3.3778510112265105 1.3347452751368662 1.4202742948016662 59 62 72 1.5061709279574533 1 774 5 383 4 834 9 383 13 318 15 362 16 176 18 131
1016 3.3642707861255903 -1.062093633574293 8.3924027420474996 130 130 130 0.4443935921282714 77 483 2 411 10 411
1015 3.3608506764770447 -1.0607538834766383 8.3847874224706676 130 130 130 0.8619184989328581 77 484 2 410 73 256 75 407 78 359 83 260 10 410 79 295
242 0.71973643419764566 1.5160277423038395 -0.37886360029932625 226 226 226 0.62727086591354164 1 704 4 752 5 372 9 372 3 347 11 285 7 321 6 308 12 318
1013 8.1731535534741777 -2.4458830320414813 16.066267916988735 52 52 52 0.4867425567709196 78 242 83 161 2 327 76 417 10 327 79 192
1012 8.1765684495553952 -2.506101600713464 16.018834521603235 52 52 52 0.70150915804666292 78 276 83 160 2 324 76 474 10 324 79 232
1011 9.7651500878033701 -2.2771226147393007 15.217533957740036 52 52 52 0.13724298573350946 206 71 2 322 10 322
1008 10.0974663065629 -2.0348885536874226 14.927899638992438 41 41 41 0.71423345855374931 83 204 2 259 10 259 79 236
236 0.9140362341055086 1.5378815514241395 -0.43108964080750423 226 226 226 1.3295094504920419 4 653 5 342 9 342 3 326 11 269 6 284 13 310 206 686 15 368 16 180 18 136 17 141
1007 8.6798855313668959 -2.3192019249333429 15.936430878668842 25 25 25 0.047424631418774003 80 39 2 252 10 252
1006 3.5142449284461525 -1.0797635330193716 8.3217237445672883 130 130 130 0.4191394402416645 78 130 2 223 76 157 10 223
1005 3.5138310609848946 -1.079703151843229 8.3212234099866969 130 130 130 0.39828705514720369 76 156 78 129 2 222 10 222 79 165
233 6.3586387546569174 0.70153900821488724 6.3177530307901169 59 62 72 0.43906594734391458 206 963 5 334 9 334 3 321 11 260 7 284 6 258
1004 6.1942692919889275 -1.2676480745041445 8.4216451986428194 130 130 130 0.15519394776789361 83 181 2 182 10 182
232 1.9635475343081992 1.8003532945960077 2.1044575671969343 0 0 0 0.55657761555230545 1 656 5 327 9 327 7 259 6 232 12 252
1003 2.5041226388319613 -1.3597959341230017 8.9107790839713399 0 0 0 0.4851771942766257 73 115 77 245 74 340
231 2.1984256655445105 1.762795221486819 1.9579537158889553 130 130 130 0.96709736156331383 208 1628 5 326 9 326 3 283 7 275 12 249 8 220 208 1346 13 202 15 260 14 220
1002 2.5041226388319613 -1.3597959341230017 8.9107790839713399 0 0 0 0.4851771942766257 73 114 77 244 74 339
999 7.6753383554778267 -2.0263215982531384 14.380232323390901 25 25 25 0.42932119127176099 78 2 2 23 76 3 10 23
998 3.4792827670723638 -1.0054096711699978 8.4747480353548994 0 0 0 1.2224420603805519 78 14 2 20 10 20
224 1.2540831036685562 1.2743287790548794 8.2081103367810382 231 231 231 0.6842590236848759 1 569 208 1012 5 292 4 606 9 292 205 951
995 3.5507420681328807 -1.1135305277823817 8.2938250509246014 130 130 130 0.14330587885797302 4 550 80 345
222 0.82597597871812267 1.5396435962810109 -0.4617848973927296 0 0 0 1.1976827263764989 1 565 4 460 5 287 9 287 3 249 11 221 7 271 6 248 12 270 8 260 13 285 15 352 8 282 16 169 18 124 17 144 19 64 22 73
993 6.3024199760670117 -1.3951557914109181 8.3854423418376811 0 0 0 0.17298737681542353 206 440 80 332 2 522 10 522
992 6.1267962793963404 -1.1689476056169767 8.3945211058434186 130 130 130 0.16950726550774053 83 346 206 287 80 312
220 0.75487938365178586 1.4476560022474947 -0.16562134768967929 0 0 0 0.061727461430098635 1 608 5 284 9 284
991 6.2775150040379479 -1.2037701995373649 8.3682382227638588 0 0 0 0.58423737373019846 206 283 208 1185 80 306
219 -1.2280715536381981 1.9884168744279858 -0.17790938769317435 81 85 98 0.78175517531773375 4 526 5 273 9 273
990 6.0923165439590852 -1.3717718636070928 8.5071277072261573 130 130 130 0.08654722941597022 208 1174 80 295
218 0.99192095197962782 1.4895261081817559 7.9812512327338139 231 231 231 1.5788483608848694 1 570 5 270 4 495 9 270 205 891 208 1018
989 5.3733166480824925 -0.75652596710382802 8.125417769957318 59 62 72 0.64597493532079753 83 330 206 76 80 289 79 352
215 0.74254425993762418 1.5474086390279818 -0.51919873697020325 226 226 226 0.94457245698779779 1 310 5 262 9 262 3 225 11 192 7 253 6 249 12 254
986 3.5313177908992359 -1.0651422217533746 8.3094890408403526 0 0 0 1.1358846222624814 75 447 76 542 77 488 78 358 83 299 80 266 2 452 10 452
214 0.71710422585876954 1.4986272344943015 -0.33799823928936135 226 226 226 0.47644887020408522 1 442 4 458 5 261 9 261 3 247 11 190
985 6.2057978366867834 -1.1729300313755207 8.4084675824317863 0 0 0 0.58345642795854946 83 240 208 607 80 257
213 0.71710422585876954 1.4986272344943015 -0.33799823928936135 226 226 226 0.47644887020408522 1 441 4 457 5 260 9 260 3 246 11 189
984 6.2057978366867834 -1.1729300313755207 8.4084675824317863 0 0 0 0.58345642795854946 83 239 208 606 80 256
971 2.895363021880208 -1.6644321943509455 4.8172341375784731 130 130 130 0.005670601665373606 83 52 80 44
199 1.9301267613550821 1.5161432989452226 2.0851292577202174 130 130 130 0.66293395254655629 1 462 5 196 4 473 9 196 3 184 3 251 11 173 7 251 8 215 13 195
713 2.7440887276088151 -0.97804848936709676 8.7129492433052764 0 0 0 1.2956919068897268 1 360 4 363 76 604 75 476 73 300 78 448 73 330 76 639 79 353 79 370 74 426 74 454
970 2.735619546847833 -1.6406610670934287 4.594146585700404 0 0 0 0.00099706220912589927 76 540 77 387
198 1.9406947384386857 1.5152241094082273 2.10146766603691 130 130 130 0.44564441458208498 1 461 4 472 5 195 9 195 3 183 11 172
969 2.735619546847833 -1.6406610670934287 4.594146585700404 0 0 0 0.00099706220912589927 76 539 77 386
957 9.3331977519816736 -2.0653805346129297 15.427783335874469 25 25 25 0.24119177229482514 4 782 78 479 83 389 1 730 2 611 10 611 79 408
956 5.9748560567436657 -1.1412007591827771 8.4895885441358985 0 0 0 0.24502107212789404 206 616 83 362 80 336
166 6.2731180787420326 -0.039419252580965583 6.8989025121747662 0 0 0 0.40039406034435887 206 655 1 643 5 306 9 306
937 4.063711126955023 -1.4442671126570459 6.2314302579115139 0 0 0 0.38308759218703908 205 244 83 104
933 1.7297843471497407 -0.9611432245324627 8.7062175038990439 124 124 124 0.65830649695066834 73 328 75 506 77 557 205 987 74 449 71 267
160 5.7520981759362648 0.21912837200856478 7.2533323996632069 59 62 72 0.89635091150142387 208 973 1 556
931 1.4454808927664324 -0.79077310442806847 8.1144877034329639 124 124 124 0.7413135619753769 75 531 205 929 73 333
142 1.9432228375349352 2.0759047195368456 2.1346942822220045 130 130 130 1.259729911154398 206 1029 4 873 1 802 5 415 9 415 3 366 11 312 7 341 6 313 12 322 8 324 13 324 14 311
141 0.85258341990421471 1.6227677479169029 -0.68763266200112905 222 222 222 0.99371679809230173 206 1072 4 850 1 781 5 412 9 412 3 377 11 310
140 2.0700713402350863 -0.70819358937509325 8.7749931664591276 102 108 124 0.90505695364665606 208 1871 4 830 1 794
139 2.1646380991020884 -0.96346747531583632 9.0683199886013934 5 5 5 0.59506246534509499 208 1804 4 823 1 787
138 1.9350113728706635 1.9768485719726463 2.0604158789271358 0 0 0 0.45989896188996698 206 895 4 812 1 756 5 376 9 376 3 352 11 293 208 1837 7 315 6 287 12 291 8 312 13 314 15 357 14 292
137 6.3273478310345252 0.26087834877607391 6.7910010765836715 130 130 130 0.3061657543533452 206 877 4 789 1 737 5 359 9 359 3 319
136 6.4052690501324401 -0.24052134966833466 6.7928421867265332 130 130 130 0.39588848875305188 206 864 4 784 1 734
135 2.7145264597638255 -0.88739626532769333 8.6824197249298134 130 130 130 0.23466978404443659 206 873 4 778 1 727
134 2.4636830557088607 -0.93628191881266087 8.8822513339775213 130 130 130 0.50069257740632711 208 1716 4 777 1 731 205 1087
675 2.6682281222650235 -1.4929461644967734 5.5967333451567507 0 0 0 1.0366244622774168 76 461 75 348 73 193 77 273
133 5.9729385158793962 -0.61629366439423261 7.2191013124630645 102 107 123 1.5144697932101006 206 941 4 772 1 721
132 3.3833181065482121 -1.3117641222829313 8.4417570756396412 130 130 130 0.038617545989629687 206 938 4 765
130 2.0980483623551764 1.9405766481180524 1.9806882523092764 0 0 0 0.2648423630614708 208 1634 4 721 1 663 5 329 9 329 3 314 11 251 7 282 6 257 12 261 8 267 13 267 15 307 14 249
128 6.3820224533362415 -0.13264074745437338 6.8044817287796295 0 0 0 0.42050842420506207 206 648 208 1467 4 690 1 640
627 0.83259810468348372 1.5824583547595181 -0.64801772314666783 0 0 0 0.36503360490662423 15 374 18 137 22 72
1168 1.7638968664826729 -1.0214020903761323 8.6559459508598806 10 21 13 0.11259722692368532 75 108 71 8
59 2.8403083370896711 -0.82335894064546311 8.7030372772587778 59 62 72 0.24953223736174332 208 1587 206 785 4 738 1 685
600 0.77574363254750167 1.5600935751847789 -0.55133544339850038 235 235 235 0.1298873274608322 15 7 16 7
1167 1.6824364769949012 -0.93230268709697928 8.5629533999081708 124 124 124 0.018425745225107353 73 329 74 451 71 268
58 2.8403083370896711 -0.82335894064546311 8.7030372772587778 59 62 72 0.24953223736174332 208 1586 206 784 4 737 1 684
599 3.2553921941044757 1.2288638216367529 1.509256365295726 8 8 8 0.094195033814585868 7 0 11 0 16 0
625 0.83213397234836439 1.5824397510746424 -0.65883160239930705 0 0 0 0.40625759885761353 16 156 18 113 17 128
1166 2.7975455428141407 -1.2981740841544569 8.7467008948727969 0 0 0 1.2465521156307449 76 614 77 539 74 437 73 287 75 463 78 414 205 760 74 417
57 2.7107566601298076 -1.0146311713452743 8.7271494355886983 0 0 0 0.17924643076741842 208 1575 206 870 4 734 1 679
624 0.82241350963561832 1.5410051723537814 -0.50331311063133133 235 235 235 1.4715892079420589 15 195 16 114 18 75 17 87 22 17
1165 1.632289673460066 -0.86100381455899189 8.4378179167396432 6 20 42 0.51951894610848037 73 332 75 527 74 452
56 2.5266054115606003 -1.0474613247519431 8.8481896410328034 0 0 0 0.37472470401510249 208 1574 206 960 4 773
597 2.1159786834514285 1.7472801815082502 1.9886918032220913 130 130 130 1.2799064848802559 4 483 3 191 14 197 208 1510 3 284 11 225 6 224 12 234 13 204 206 372 6 200 15 220 15 285 14 239
55 3.5601203423408161 -1.0039031644509391 8.2803021397299972 0 0 0 0.13233186174260808 208 1570 206 861 4 729 1 671
596 0.77695834737722891 1.5588111213521096 -0.54220834885661662 156 156 156 0.47274291815518649 7 126 12 134 12 88 13 152 15 238 14 181 16 99 18 82 17 91
622 3.2221610500497624 1.3160744833368483 1.421518652656931 231 231 231 0.33016796410311405 13 191 14 186 18 71
1163 2.2809083947647304 -0.95592111107708255 9.1259390566466418 59 62 72 1.3587217872332349 77 556 74 450 78 447 77 569 71 269
54 3.5608399782310607 -1.0033129092005877 8.2814307953075534 0 0 0 0.1038931733216404 208 1569 206 862 4 730
595 3.4280980222249284 1.4929576041183015 1.3674627321467656 231 231 231 0.83381179659097426 12 105 8 146 15 124 14 91 12 80 15 82 16 41 18 47 17 50
27 2.1163317457634023 1.9299132945079462 1.971466146100076 0 0 0 0.710941136210957 208 1055 206 375 4 494 1 320 3 233 12 138 13 143 15 226
1136 2.137060450410956 -1.1851386222970186 9.5984938389381558 6 20 42 0.63577742154103145 73 195 75 352 76 531 77 426 74 362 71 190
621 4.1591319646046268 1.1789757911974981 2.3737688959388108 8 8 8 1.1940827903734847 6 152 8 139 18 56
1162 1.8180123069222669 -1.0148940424506625 8.7254470452144517 124 124 124 0.45754479795961256 73 325 75 505 77 555 74 445 71 266
53 3.4709952967047517 -1.1578711835613862 8.3391905585807535 0 0 0 0.36224305317875105 208 1559 206 857 4 726
26 3.3011166104985459 -0.96138602628635672 8.4157090099685448 0 0 0 0.24951143572028101 208 918 206 482
1135 1.7288677760661648 -0.98869617066501359 8.7013232521726334 123 124 123 0.64049904474689712 73 133 75 157 77 279 77 199 71 158
52 2.1810525594799586 1.8484339535326084 1.9457179368707638 130 130 130 0.69087445824323046 208 1515 206 527 5 294 9 294 11 202 11 229 7 258 6 231 13 208 15 264 13 172 14 200
25 2.7958354767682527 -1.0591056900747038 8.6969411394629628 130 130 130 0.64126716629142 208 906 206 488
1134 1.5309324617451312 -0.80455976563778364 8.3224072296828719 7 21 43 0.23883579455010467 73 182 75 322 74 352 71 165
1160 2.7924844797144668 -1.3003335874785289 8.6896244668225311 0 0 0 0.61451546770985166 76 615 77 540 79 381 74 436
51 2.1810525594799586 1.8484339535326084 1.9457179368707638 130 130 130 0.69087445824323046 208 1514 206 526 5 293 9 293 11 201 11 228 7 257 6 230 13 207 15 263 13 171 14 199
592 0.75694673194482831 1.5464149799893108 -0.52052810152962559 235 235 235 0.6054038567000416 13 286 15 356 14 295 18 138 16 172 17 147 19 67 22 74
24 3.6368074235488668 -0.99972666619739037 8.2466612051453136 130 130 130 0.21483558138711054 208 905 206 471
1133 2.4475442756508476 -1.0083768874734398 8.8834294412751262 0 0 0 0.34359018286335441 76 460 77 272 74 349 75 220 71 161
617 0.73866676069034143 1.4979172583691318 -0.3018030757042231 235 235 235 0.32172541884987688 15 62 18 9
1158 2.3623808783341254 -0.90025975578989237 8.9907643539533595 59 62 72 0.72415161658823635 73 299 75 478 76 606 77 527 78 424 74 425 71 258
49 6.3444421786947887 0.15552787843871105 6.8047299451393242 0 0 0 0.31731765392057953 208 1476 206 664 4 644 1 595 5 282 9 282 3 259
590 2.2927565860521661 2.1891346581002975 1.9113650034204417 59 62 72 0.80421847045708084 8 245 14 227 16 138
22 2.7068624649893755 -1.1187268715888412 8.7547687361034843 130 130 130 0.45440374251290344 208 897 206 484 4 562 1 521 76 630 75 503 77 551 73 324 74 447
1131 1.9766496123172994 -1.0760992300217522 9.1958919508503314 7 21 43 0.77911730053051542 75 303 76 487 77 335 74 346 71 177
1157 2.1347135761492742 -1.1490590976637443 9.6655383001262063 143 162 146 1.0409566072770937 73 290 75 465 76 620 74 418 75 491 71 253
48 3.4594335747883944 -0.94482994761314298 8.3225852003890228 130 130 130 0.45504703238275079 208 1436 206 644 4 628 1 631 76 686 75 546 77 591 78 496 205 1063 83 402 80 361 2 570 10 570 79 422
21 2.7070325118107452 -1.1187820252686105 8.7557893858260236 130 130 130 0.45355797384465274 208 896 206 483 4 561 1 520 76 629 75 502 77 550 73 323 78 443 74 446
1130 2.2795816058302107 -1.2194115955620406 9.15543659858991 231 231 231 0.85374837036449303 73 120 75 294 76 443 77 332 78 196 74 341 77 184
47 3.3281018409455227 -1.023530559142686 8.4003653808888235 0 0 0 0.68137863515197705 208 1433 206 778 4 677 1 630 76 684 75 545 73 361 205 1091 2 601 10 601
20 2.5445760419615384 -1.1387964890552444 8.8577809670363497 130 130 130 0.365157304025786 208 893 206 487 4 560 1 523 76 628 75 501 77 548 73 322 78 442 74 444
1129 1.3708119954044531 -0.75682335674349499 8.0668859377469673 28 83 39 0.58857326472959104 73 152 74 333 75 327
614 3.3689527652331162 1.4276986238666913 1.4362593209132046 108 114 131 0.86014755720734826 6 113 8 104 13 129 15 178 16 59 16 74 11 41 6 88 14 90 18 31 17 63
1155 2.0857275639157882 -1.1755421364343246 9.6488127044423866 124 124 124 0.7784525696184682 73 288 75 464 74 415 76 596 77 514 71 251
46 2.6631406844658865 -1.1087873484330668 8.7960676518846661 130 130 130 0.5558223799120271 208 1430 206 869 4 678 1 673 205 1054
587 2.3456499735988317 1.5765309794260804 1.9264844886798544 130 130 130 0.40000307977631006 8 197 14 160
19 2.5446554086692807 -1.1392710455872297 8.8555110442175131 130 130 130 0.25970898545596616 208 892 206 486 1 522 76 627 75 500 77 547 73 321 74 443
1128 1.3577232108875372 -0.77518203403245245 8.0355863319404026 9 11 13 0.52741273096766728 73 151 75 325 74 332
613 0.74212644677814299 1.5036792045437415 -0.31869062597832448 231 231 231 1.5092911208164204 8 222 15 293 14 222 16 150 3 279 11 219 8 257 13 271 15 311 18 107 17 126 19 57
1154 2.1655032462555321 -1.2202417188771044 9.6816320384131735 124 124 124 0.68222004256439439 73 311 75 486 76 616 77 538 74 414 71 264
45 3.3868623065968388 -1.0908360002664093 8.3687481027778752 130 130 130 0.67948471077970529 208 1429 206 774 76 680 75 541 77 586 1 624 73 360 78 492 2 594 10 594 79 418
586 1.9741583963066895 1.0771874144158671 2.1666003101673406 97 102 117 0.47455807922042775 8 143 13 162 14 156
18 2.8088483543225333 -1.144144637575971 8.6974589476526951 130 130 130 1.190699670280396 208 889 206 476
1127 1.4177707548328076 -0.80222360682199922 8.0827915785052209 120 122 120 0.51990901181090965 73 147 75 240 74 330 71 167
612 2.2256746744820566 2.1045655945233266 1.9263802621255839 130 130 130 2.2813189351208654 8 313 13 315 14 291 15 353 15 375 16 171 14 308
1153 2.6848075781914416 -1.0745988033836593 8.756161433395997 0 0 0 0.70126152379916862 73 276 75 441 76 580 78 356 74 406 79 298
44 6.0841127450468884 -1.1290993626373655 8.4465618281213768 0 0 0 0.43627410250277326 208 1427 206 615 83 396 80 357
585 0.61813037604747989 1.532006409905164 -0.46906776234884978 235 235 235 0.25087208824710211 15 204 14 151
17 2.4887336549182186 -1.1479695447362301 8.8887864830566716 0 0 0 0.38263809763380846 208 888 206 490 76 626 75 498 73 320 78 441 205 868 74 442
1126 1.4177707548328076 -0.80222360682199922 8.0827915785052209 120 122 120 0.51990901181090965 73 146 75 239 74 329 71 166
70 5.4690164766311691 -1.4257503880787274 9.3829382882726673 231 231 231 0.76683716207104291 208 1697 206 933
611 2.3935705721517775 2.2472432592069791 1.8548001946678576 115 121 139 1.0689853055432981 13 276 14 296 15 328 16 160 13 287
1152 2.6848075781914416 -1.0745988033836593 8.756161433395997 0 0 0 0.70126152379916862 73 275 75 440 76 579 78 355 74 405 79 297
43 2.5219365861010394 -1.2069363684860934 8.876974498071057 0 0 0 0.3585080031004344 208 1425 206 779 4 672 76 676 75 538 77 583 73 357 78 489 74 461
584 2.2670800710378973 1.165350258330196 1.9953925326196302 231 231 231 0.11088675967258517 8 144 15 181 14 126
610 0.8647227799625129 1.6678915809799959 -0.76178434842332154 235 235 235 0.14186386932809858 15 314 16 151
1151 2.0954103249280749 -1.1872134624679176 9.6409319884837146 124 124 124 0.9355342382393893 75 433 77 478 74 399 76 571 71 234
42 6.2698510091130117 -1.2783305884234284 8.3765129229068194 0 0 0 0.75711877244200254 208 1421 206 612 83 361 80 333 2 559 10 559
583 0.54832150359391174 1.556143413961087 -0.47698181116681965 0 0 0 0.81118647246077846 15 245 14 116
609 0.80047236300708047 1.5354990379170241 -0.49108075110444122 0 0 0 1.1750888900119061 15 309 16 146 18 101 17 118 16 133 19 51 22 52 22 65
1150 2.499266623981391 -1.8349092439820993 9.0559641425302857 106 111 127 0.35880829601680803 73 264 78 406 74 396
41 1.4392497917588654 2.2318338857671636 5.5538155277531569 235 235 235 0.20753909242634133 208 1334 206 721
297 3.1939346743823425 1.256925435337779 1.480015590059371 59 62 72 0.8978236927993225 1 742 5 381 9 381 3 334 4 792 11 272 6 275 12 297 8 293 13 291 15 335 14 274 18 129
67 2.106796978235197 1.8852610493885165 1.9840214473443503 130 130 130 0.33823721291100523 208 1631 206 701 4 718 1 661 5 350 9 350 3 311 11 248 7 280 6 266 12 273 8 255 13 259 15 303 15 321 14 243
608 2.6887115049850085 1.9149966265327989 1.9325895309590631 231 231 231 2.0084190397899699 13 234 14 193 16 129 15 258
1149 2.499266623981391 -1.8349092439820993 9.0559641425302857 106 111 127 0.35880829601680803 73 263 78 405 74 395
40 6.0062402441228615 0.38253621579610531 6.8852802296064546 106 112 128 0.21102144127978292 208 1299 206 512
581 1.9147584192410618 1.1086148022729803 2.166296574891994 85 89 103 0.18293719097471392 8 57 14 75 13 54
13 3.4183468655864169 -1.2001792812321281 8.4106589749368794 0 0 0 0.094118764543053596 208 864 206 297
1122 2.5793878148285141 -1.2229735832438127 8.8451230730589057 0 0 0 0.12438287884649979 73 123 77 252 74 305
296 2.0147363772168956 1.9311713702759055 1.993233607498593 130 130 130 1.4145557514748675 4 757 3 329 15 324
39 6.3291139403423866 0.36138485622810457 6.8073223671917242 59 62 72 0.068765399918157513 208 1298 206 506
580 2.0600401943037445 1.912511729234031 1.9889004138462676 130 130 130 0.67280380667962103 11 46 15 153 14 50
65 2.0525694544715041 1.8804971529622962 2.0029188806575662 0 0 0 0.82411481781669782 208 1629 206 703 4 716 1 660 5 349 9 349 3 287 11 231 7 262 6 255 12 259 8 226 8 259 13 210 13 261 15 305 14 245
606 0.74763264661933682 1.395730037210791 -0.061639499159730125 235 235 235 1.0716463428711009 13 169 16 110 14 136
1147 1.9795718141971861 -1.0851670865338927 9.2332718738304322 6 20 42 0.27598642056258749 73 239 75 394 74 388 71 220
38 6.2901277105512854 0.036427511541279461 6.7994956720550466 0 0 0 0.11269489024357041 208 1271 206 320 4 591 1 549 5 243 9 243 3 215
605 2.6341214469362639 1.9069794801041766 1.8794324295073355 231 231 231 0.98199464159957639 13 167 15 214 16 83 14 192 15 257
1146 2.5111097772115825 -1.3499651236508245 8.9056924310042422 0 0 0 0.44170893096645536 73 233 76 568 78 386 74 383
37 6.1921620997485638 -0.041408429063996506 6.864151618823656 0 0 0 0.2333977276216001 208 1263 206 316 4 588 1 545 5 235 9 235 3 212
604 0.75586299114307909 1.3974529897091825 -0.050535543498470635 235 235 235 0.066170801728922701 13 108 16 62
1145 2.5111097772115825 -1.3499651236508245 8.9056924310042422 0 0 0 0.44170893096645536 73 232 78 385 74 382 76 567
36 6.1450995112575857 -0.051869325256794829 6.9054053112936931 130 130 130 0.35365609404198672 208 1261 206 318 4 587 1 544 5 234 9 234 3 211
577 3.4571157882446619 1.4899214667282703 1.3876396859836064 231 231 231 0.84688076032726689 8 3 14 43 17 5
9 6.2516111242144436 -1.3458586078453492 8.4060481374662661 130 130 130 0.45211699974569491 208 851 206 68 83 337 4 533 80 298 2 482 10 482
1118 1.6291213553972963 -0.89687365319715762 8.4753591500917587 27 82 39 0.45169986914156973 73 90 74 271 75 231 77 288 71 98
1144 2.8734193387337057 -1.4407310086563678 8.6812382144458109 130 130 130 0.32363340637395849 76 525 79 324 74 381
35 6.0464774652068911 -0.079051396585953837 6.9500717687027 130 130 130 0.46527927301231531 208 1255 206 314
8 1.3234389641344446 2.3324336898048323 5.4262154089618466 235 235 235 0.47965639847755659 208 789 206 168
1117 2.6176642629734519 -1.0419157338857847 8.792172069539264 130 130 130 0.25442299912468336 75 154 77 194 74 269
602 0.83979706653799302 1.527671996470277 -0.45442977883733138 0 0 0 1.0301685444185815 15 155 16 49 18 37 14 109 19 24 22 30 17 64
1143 2.2779923903575301 -0.8935135014163138 9.0839131146596976 5 5 5 0.97108057507773049 1 235 73 213 75 362 74 375 5 75 9 75 77 402 78 322 71 193
34 6.2282358616274296 -0.10400665993045453 6.883320478426457 130 130 130 0.28956032749655636 208 1252 206 491 4 583 1 541 5 278 1 585 4 638 9 278
7 1.3546507393964242 2.3101470448912771 5.422286295689438 0 0 0 0.33193195978943923 208 786 206 393
1116 1.6670827247983535 -0.95129658103632564 8.5266468412995895 123 123 124 0.75374055781984994 73 89 75 224 77 287 74 268
601 2.557054169766638 1.7387627508522985 -0.58934267499935167 231 231 231 0.85499738590018182 14 133 15 133 16 44 18 33 17 37 19 29 22 27
1142 2.6556922438793253 -1.0408954170679166 8.7663374643912491 130 130 130 0.3562189455802735 75 309 77 341 74 373
33 3.4199541061604584 -1.0055485482704856 8.3523286983665628 0 0 0 0.25747622788840513 208 1203 206 303 4 625 1 576 76 655 75 526 77 574 78 463 205 1009 83 371 80 350 2 567 10 567 79 391
574 2.0225957937924979 1.7064649058911316 1.9272429968827258 0 0 0 1.4891238017756598 8 60 14 10
6 1.486171808920288 2.2217523336503655 5.5284090302428588 235 235 235 0.063934522533907107 208 779 206 155
1115 2.5294736362307138 -1.169653663842867 8.8601894848134979 130 130 130 0.24194890154927584 76 373 74 264 75 197 73 125
1141 2.6556922438793253 -1.0408954170679166 8.7663374643912491 130 130 130 0.3562189455802735 75 308 77 340 74 372
32 3.4772852550307616 -1.0499053954169164 8.3323651536053145 130 130 130 0.4581053750256126 208 1197 206 637 4 621 1 629 76 683 75 544 77 589 78 495 205 1060 83 401 80 360 2 563 10 563 79 421
573 2.7569068160347183 1.3582948029431416 1.8211706821682467 231 231 231 0.29958477884587159 8 4 14 6 16 4
288 1.0337562165102185 1.4948698757062431 -0.36075508358509856 0 0 0 1.4905940907363568 1 438 3 245 11 187 8 238 14 262 17 132 22 66
1140 2.0272348709166419 -1.0745385235785669 9.3102860270847199 9 9 9 0.28939974501826704 73 240 77 439 74 369
31 3.5910067569913515 -1.0633523695494829 8.2492913342830967 0 0 0 0.14819929025647904 208 1194 206 467
4 2.6410491855848517 -1.0552112309223329 8.7846276290866925 130 130 130 0.24699355753153313 208 623 206 492 4 568 1 526 76 635 75 470 77 553 73 296 78 445 205 870
1113 2.3165220637592796 -1.346849235825831 9.1798705510755418 124 124 124 0.69906740729329953 73 47 75 86 77 1 78 35 74 254 71 88
287 2.0546974547954608 1.8944243083239263 1.9855507790139055 0 0 0 1.3910852563831362 4 487 3 231 7 130 12 212 8 94 13 174 15 224 14 106 13 74 15 150
1139 2.005126035568098 -1.0872683881293033 9.2920615284836217 124 124 124 0.53010540335018996 75 357 77 438 74 368
30 3.3553627923739757 -1.1986898997316091 8.41864502666545 0 0 0 0.45867209235648682 208 1182 206 628 4 615 76 677 75 539 77 584 78 490 205 1056 83 398 2 560 10 560 79 416
571 2.9987774725618634 1.2130823081998647 1.191598002307755 231 231 231 2.2253072725960141 12 163 15 174 14 121
3 2.5603748869155827 -1.2022264048283391 8.8474357435299442 0 0 0 0.38941090563850078 208 613 206 305 4 555 1 518 76 622 75 494 77 544 78 438
1112 2.6324126474428988 -1.6347354541588794 5.2744875582812476 9 11 14 0.12665308816054593 73 104 74 246
270 0.72879402710199381 1.4422377839835159 -0.18073146778595545 0 0 0 0.84804531830497476 1 183 3 85 7 122 6 126 13 139 12 120 15 148 14 170 16 66 18 64 17 72 17 89
269 0.7301443777517902 1.4425184773196176 -0.17955332579734207 0 0 0 0.73808739103598864 1 182 3 84 7 121 6 125 12 119 7 155 13 138 15 147 14 169 16 65 18 63 17 71
1121 2.4702462442994597 -1.8199916672336336 8.8615185254104798 106 111 128 1.0097720482512951 73 160 75 189 77 235 74 292 75 269 76 310 73 80 78 172
12 2.570778379829405 -1.2648688712992178 8.8661403145280691 130 130 130 0.95195087394207079 208 863 206 473 4 546 75 490 77 566 75 518 73 339 78 455 74 435
553 1.1472676039445584 1.4594024392046832 -0.26621525359980269 234 234 234 0.92065914635510793 13 166 15 282 14 162 16 127 18 72 17 83 16 60 19 30 22 28
268 3.3032506390183176 1.2658320936230232 1.3807783693439943 60 63 73 1.6785039313645884 4 67 3 7 7 1 12 2 8 2 14 3
1120 2.4686939219168318 -1.8202442916628097 8.8666137418098092 106 111 128 0.73903908362210713 75 188 76 309 77 234 74 291 73 79 78 118 78 171
11 6.2297950338390828 -1.2859698660887695 8.4067243312938231 0 0 0 0.27028311091301849 208 854 206 278 4 320 83 318 80 273 2 441 10 441
552 0.73608295895522702 1.4474058518731012 -0.18147733839654182 0 0 0 0.69485242816830473 13 211 15 265 19 42
264 0.94696932998206995 1.4323473702021425 7.6899408921529702 231 231 231 0.28972962145330883 1 102 4 81 5 68 9 68
263 0.94696932998206995 1.4323473702021425 7.6899408921529702 231 231 231 0.28972962145330883 1 101 4 80 5 67 9 67
262 -1.1755735736528412 1.9848716620740077 -0.062792590373400181 61 64 75 0.23525472149312726 1 196 5 73 9 73 3 95
29 2.5913534016962476 -1.3276953421715965 8.8563556575736087 0 0 0 0.20846962220247567 208 1178 206 468
570 6.4855417223276719 1.1137186364384162 6.3371344159875358 122 122 122 0.61467987728301376 8 96 12 75 13 83 15 119
1111 2.6324126474428988 -1.6347354541588794 5.2744875582812476 9 11 14 0.12665308816054593 73 103 74 245
2 6.2011521732037922 -2.2108369637251379 10.759647138104354 104 109 125 0.15752840472008794 208 578 206 270
543 2.3447915578697494 1.2348684967238186 2.0372324610629544 231 231 231 0.37397523750087247 12 108 15 183 14 98
1137 2.137060450410956 -1.1851386222970186 9.5984938389381558 6 20 42 0.63577742154103145 73 196 75 353 76 532 77 427 74 363 71 189
28 2.1163633585377446 1.9311707375474636 1.9732355862181019 0 0 0 0.47611898323696211 208 1056 206 374 4 493 3 232 13 142 15 225
569 0.77773723876638534 1.5591589359496392 -0.54190681821295805 234 234 234 0.54875788670495229 7 125 12 133 15 237 8 175 12 87 13 151 14 180 16 98 18 81 17 90
1110 1.6002611865637772 -0.84682190093223519 8.4394753975586028 111 113 115 0.38455787877594449 73 63 77 114 74 228 75 118 71 58
1 6.2011521732037922 -2.2108369637251379 10.759647138104354 104 109 125 0.15752840472008794 208 577 206 269
542 2.2670800710378973 1.165350258330196 1.9953925326196302 231 231 231 0.11088675967258517 8 145 15 182 14 127
271 0.7888131315424779 1.6434252170309569 -0.81847925901696639 228 228 228 0.54276928527360924 1 316 3 89 11 96
14 3.5146655454759363 -1.1684117705238335 8.2318614920053115 0 0 0 0.041174840351936255 208 865 206 458
555 0.75904456737895054 1.3920645993837635 0.0096273847533535108 129 129 129 1.0551359952433426 13 206 15 287 14 241
272 1.6975514533169691 1.13045773293398 0.28178131986697175 8 8 8 0.13989940834153536 1 264 3 119
1124 1.6425594384098139 -0.88125868754687831 8.504165346265216 122 124 122 0.53690639801585427 73 143 75 234 77 347 74 323
15 3.3895855732504576 -1.1405511055577819 8.3894809533509918 130 130 130 0.35292642091810467 208 877 206 464 4 547 76 631 75 519 77 567 73 341 78 456 205 942 83 364 2 523 10 523 79 382
273 0.8555782290435382 1.597352092754678 -0.65986746738034174 0 0 0 0.5709771189895757 1 193 4 78 3 146 7 169 1 314 6 173 3 186 12 208 8 178 12 180 13 154 15 201 14 150 16 91
1125 2.7572529650787705 -0.96072059376104879 8.6893344519574516 0 0 0 0.14728193763032316 77 283 74 325
16 3.3895855732504576 -1.1405511055577819 8.3894809533509918 130 130 130 0.35292642091810467 208 878 206 465 76 632 4 548 75 520 77 568 73 342 78 457 205 943 83 365 2 524 10 524 79 383
274 5.8493195606220842 0.32405128292273033 7.1890562377261293 90 94 109 0.60584510990041074 1 276 208 1293 3 158
275 0.85908923084911781 1.5444576899133702 -0.51660708333322791 227 227 227 0.12467815531041761 5 185 9 185 3 177
281 1.9627076859307715 1.9458419968872898 2.0397792268326662 130 130 130 0.22083394396061415 1 485 5 219 9 219 208 797 3 202 7 188
282 1.8979473233020165 1.9967261627597817 2.0692958453263981 0 0 0 0.70977759937904961 4 501 5 221 9 221 3 206 1 488 7 189 11 147 6 147 12 145 13 181 14 110
283 1.8984035064554801 1.9972039844453231 2.0704908291841178 0 0 0 0.79519201009514917 4 502 5 222 9 222 3 207 1 489 7 190 6 148 12 146 11 148 13 182 14 111 11 49
284 1.8242917844394757 2.1241560416925589 2.0715917559442776 130 130 130 1.1137733467753783 1 493 4 513 5 296 9 296 3 208 6 16
285 -0.11229151432163516 1.9090931361921695 -1.3955037907765497 129 129 129 0.21292577342298771 5 229 9 229 3 210 11 152 5 129 9 129
286 2.0546974547954608 1.8944243083239263 1.9855507790139055 0 0 0 1.3910852563831362 4 488 3 230 7 129 12 211 8 93 13 73 13 173 15 223 14 105 15 149
60 3.0982713321843924 -0.80796859895407669 8.7060648728787751 0 0 0 0.58735837754437492 208 1589 206 961 4 739 1 686
1169 1.7765670009928742 -1.0183214530019888 8.7767251461746962 118 120 119 0.68103781446543943 73 85 75 152 77 270 71 27
628 0.74310965729825618 1.5041947559752862 -0.3179694120018613 235 235 235 1.7057738190378799 8 256 13 270 15 310 18 106 8 221 15 292 14 221 16 149 17 125 19 56
61 6.3242918993927901 -0.070626097261383108 6.8360629427464996 130 130 130 0.45323254440803784 208 1600 206 654 4 692 1 641 5 305 9 305
1170 1.7765670009928742 -1.0183214530019888 8.7767251461746962 118 120 119 0.68103781446543943 73 86 75 153 77 271 71 28
629 2.2543723129251427 -1.1308167524430572 9.1038054143772378 5 5 5 0.9565673439808422 1 528 76 574 75 391 77 482 73 270 71 236
62 6.3569806107399183 0.036498905010990533 6.8013425119409296 0 0 0 0.26120616882950326 208 1603 206 659 4 693 5 308 9 308 3 255
1171 1.741439702512833 -1.007736179267791 8.637353838960653 13 16 18 0.55912988854598245 74 195 75 156 71 30
630 2.6020946596391958 -1.0833435016910915 8.8117873090843482 0 0 0 0.44943439305985766 4 351 76 575 1 349 75 438 77 518 73 271 78 421 74 403
63 6.077846340791714 0.11678403935484052 6.9231382787838669 0 0 0 0.30953212016293635 208 1605 206 666 4 694 1 645 5 310 9 310 3 257
1172 1.6080790342170364 -0.92671274053261288 8.3913149724930083 29 30 30 0.095347111725608905 75 115 71 40
90 2.0804035521162318 1.9929650983406444 1.972030591788293 0 0 0 0.45576691387743362 208 1887 206 979 5 397 1 783 4 853 9 397 3 351 11 292 7 326 6 304 12 310 8 311 13 313 15 373 14 307
631 2.6550517125003319 -1.1787668469961219 8.8000571071960199 0 0 0 0.41168746796801725 1 343 4 343 76 598 75 466 77 515 73 292 78 416 74 421
64 6.2265502484566362 0.1386528003332167 6.8462679259192365 0 0 0 0.40050912738019012 208 1606 206 665 4 695 1 646 5 311 9 311 3 258
1173 1.5178627197704009 -0.79902846510257253 8.2789497506338687 121 121 122 0.36784118729871973 73 64 75 119 71 71
91 2.0229634934246263 1.7466202857842921 2.0434397020359789 0 0 0 0.80417683823029651 208 1949 206 1073
632 2.6550517125003319 -1.1787668469961219 8.8000571071960199 0 0 0 0.41168746796801725 1 344 4 344 76 599 75 467 77 516 73 293 78 417 74 422
1175 1.9768146246762777 -1.1387289858520728 9.2816432431763367 122 123 122 0.74688950418836197 76 259 77 187 71 92 75 91
66 2.0525694544715041 1.8804971529622962 2.0029188806575662 0 0 0 0.82411481781669782 208 1630 206 702 4 717 1 659 5 348 9 348 3 286 11 230 7 261 6 254 12 258 8 225 8 258 13 209 13 260 15 304 14 244
607 0.42675166128017078 1.5842102514293674 -0.58085637100552256 236 236 236 0.30733476171564078 14 206 16 124
68 2.15774101212553 1.8899725352063652 1.9569421544568606 0 0 0 0.27039887258622541 208 1632 206 699 5 347 9 347 3 310 11 247 7 279 6 253 12 272 8 253 13 258 15 302 14 242
1177 1.6469495712402833 -0.95003695824025858 8.5827569092151421 9 11 13 0.67511341365465993 73 60 77 200 71 96
95 6.1652086603412561 -1.2315990080160402 8.4286542341766957 0 0 0 0.21388480242717414 206 282 208 859 4 321 83 340 80 276 80 277 208 858 2 488 10 488
636 3.5529410735872737 -1.1121781438026823 8.2990820936031771 130 130 130 0.13087719402114747 208 882 76 651 77 572 78 459 83 367 2 526 206 463 10 526 79 385
69 2.0984456830930243 1.9406665851604425 1.9812114276032957 0 0 0 0.26850472496559591 208 1633 206 706 4 720 1 662 5 328 9 328 3 313 11 250 7 281 6 256 12 260 8 266 13 266 15 306 14 248
1178 1.0332186101509173 -0.81417961129449024 7.2958370577560032 57 57 57 0.34312164454872268 74 281 71 100
96 6.2212061557052198 -1.2215667545809923 8.3941122280197096 130 130 130 0.29144117082021104 208 860 4 322 83 341 80 304 2 490 206 281 10 490
637 2.5216784408943886 -1.2059099633238315 8.8876340938749383 0 0 0 0.37334596583163027 208 1424 76 675 75 537 77 582 73 356 78 488 205 1001 74 460
71 6.0977650628186923 -1.3010172722083322 8.4411542322223223 130 130 130 0.13994404889239609 208 1698 206 853
1180 2.4474680807594744 -1.0097528482132461 8.8675727162524716 0 0 0 0.062466464649464724 75 221 71 162
98 2.4581028769903814 -1.016603134741042 8.8740599606760462 0 0 0 1.0530608263315508 206 321 4 361 1 364 76 602 77 520 73 277 75 442 77 442 78 392 76 543 74 407 71 225
72 2.7274022043688482 -1.2561821469998149 8.783379650276947 0 0 0 1.073141743526062 208 1701 206 953 4 767 205 1120
1181 2.2719028416464511 -0.93061650708532018 9.0795080453958619 59 62 72 0.51019848316919403 73 140 74 322 71 163
99 2.4597168881342419 -1.0171254402786882 8.8780083631670372 0 0 0 0.71459704887965669 206 322 4 362 1 365 76 603 77 521 73 278 75 443 78 393 74 408
73 5.3931920777413849 -1.2766398397808341 9.5306515099571705 41 41 41 1.6158972826052604 208 1706 206 944
1182 1.0508773833220277 -0.83138608317396556 7.2005950855684251 57 57 57 0.55911743819008697 74 411 71 194
100 8.4715223542777167 -2.2760521705174241 15.866269660564084 25 25 25 0.7713551741631991 208 616 4 370
1183 0.82638728661172867 -1.6545656769359101 6.1253050364989043 0 0 0 0.043955011700337811 205 349 71 209
74 2.972633158380221 -1.1006042667249543 8.7194084080994489 59 62 72 1.4445488114799943 208 1707 206 958
75 5.5721293326390988 -1.2493165244174265 9.4629804827730943 41 41 41 1.2244945094380326 208 1708 206 945
1184 0.80568909130730548 -1.5907257972496756 6.0956249921661554 141 141 141 0.17255478243449482 205 704 71 247
76 5.5721293326390988 -1.2493165244174265 9.4629804827730943 41 41 41 1.2244945094380326 208 1709 206 946
1185 0.80568909130730548 -1.5907257972496756 6.0956249921661554 141 141 141 0.17255478243449482 205 705 71 248
77 6.1311446277225263 -0.14560831153246401 6.9065813902645088 0 0 0 0.31579473568315702 208 1725 206 780 4 741 1 689
1186 2.2565450268104059 -1.1320083223094082 8.9330479431526584 5 5 5 0.64969733082713343 75 497 71 254
78 6.1594101821312259 0.04397974151212649 6.8823813656361716 130 130 130 0.30286217540390614 208 1730 206 781 4 742 1 692 5 333 9 333
1187 2.280934562719251 -0.9629250068254307 9.1697225565778577 59 62 72 1.2180915682157931 73 340 76 653 71 273
1188 0.82917516073212194 -1.7868371804714072 6.1023336632099614 141 141 141 0.96000277028589021 205 1033 71 278
79 6.0282304678818504 0.22330253769660835 6.9117439705452828 130 130 130 0.28888007488224549 208 1735 206 878 4 788 1 738 5 358 9 358 3 318
80 5.8316686654397456 0.24682985516445877 7.2459421905421122 0 0 0 0.33645828212479484 208 1736 206 788 4 791 1 740 5 360 9 360 3 320 11 259
1189 0.85177093000189419 -1.7979534027890567 6.1586977213138905 0 0 0 0.34583849999446309 205 965 71 280
81 2.2359297612909663 1.8220197693754241 1.9351555648176755 0 0 0 1.4552330022741298 208 1758 206 798 3 309
1190 0.88023404365837532 -1.7174194606883895 6.251121912133601 141 141 141 0.38514575180942451 205 966 71 281
1191 0.88023404365837532 -1.7174194606883895 6.251121912133601 141 141 141 0.38514575180942451 205 967 71 282
82 2.2359297612909663 1.8220197693754241 1.9351555648176755 0 0 0 1.4552330022741298 208 1759 206 797 3 308
623 0.82197819985477361 1.5396867332123889 -0.50381103892729739 235 235 235 0.58625541337881959 12 128 18 74 17 86
83 1.9937215361684202 1.9287229482613337 2.0328227763310065 130 130 130 0.72133254065951424 208 1762 206 893 4 755 1 755 4 809 5 374 9 374 3 328 11 270 7 300 6 285 12 287 8 284 13 283 15 351 14 265 15 327
1192 0.79988524797157101 -1.6658003903104268 6.0917375998672894 141 141 141 0.026583303806606659 205 912 71 283
84 2.1529369160296632 1.9561630470540572 1.9533295792836995 130 130 130 0.091690461219492175 208 1764 206 800
1193 0.82690757988984653 -1.6774322876726462 6.1468974471178974 0 0 0 0.20706575967927479 205 913 71 284
85 6.1372808895235993 -0.27943372446471032 6.9369740320238149 130 130 130 0.29828600338838929 208 1810 206 865 4 783 1 732
1194 0.84874744349913145 -1.6407154879324231 6.2170093403519457 141 141 141 0.11364725520359441 205 968 71 285
86 5.9422088954844634 -0.3810451408879727 7.251152614648162 0 0 0 1.6199713913688045 208 1872 206 956 4 827 1 767
1195 0.84874744349913145 -1.6407154879324231 6.2170093403519457 141 141 141 0.11364725520359441 205 969 71 286
87 5.9422088954844634 -0.3810451408879727 7.251152614648162 0 0 0 1.6199713913688045 208 1873 206 955 4 826 1 766
1196 2.2660718735166063 -1.1489917428987597 9.0991402994067929 3 3 3 1.6857325254307636 75 148 71 94 77 189 73 197 76 484 77 383 78 311 76 449 74 366 71 157
88 2.2003522567490368 1.8933012347970648 1.9308528751342355 0 0 0 0.54652739817176077 208 1885 206 978 11 291 7 325 6 303 12 308 8 308 13 307 15 367 14 306 16 179
1197 1.4002716253672625 -0.79426684286252236 8.0720152273420691 28 84 39 0.075278014390461029 74 237 71 72
89 2.2017651692906908 1.893541850245174 1.9341508024293226 0 0 0 0.37001343223442845 208 1886 206 977 3 350 11 290 7 324 6 302 12 307 8 307 13 306 15 366 14 305
1198 1.3894714747706098 -0.79633457573984778 8.0280745949808434 10 21 13 0.066071725744926757 74 277 71 104
92 5.9193088365575059 -1.6032114807442011 9.4815394254202268 231 231 231 1.0206654207859125 208 1961 206 1116
633 1.9438264118289679 -1.0746695446485768 10.060179946064562 124 124 124 0.42456990140421247 1 583 76 623 4 581 77 542
94 -0.3330728298782763 1.3621692853945158 0.64472036642261477 0 0 0 0.41272105478013266 208 1337 4 79
635 2.65810031824061 -1.1833509421551287 8.7749975591491065 0 0 0 0.42829301820228627 208 1191 76 625 75 496 77 546 73 318 78 440 74 441
97 3.4274767641822983 -1.116530438927831 8.3583331547929891 0 0 0 1.1749229813305058 208 175 4 334 75 472 1 332 78 387 76 577 77 440 75 401 205 776 83 327 80 320 83 348
638 3.3875543716127678 -1.0897646753864156 8.3715429352762367 130 130 130 0.84739549923113144 4 618 206 775 76 681 75 542 77 587 78 493 205 1058 2 595 10 595 79 419
