# Camera list with one line of data per camera:
#   CAMERA_ID, MODEL, WIDTH, HEIGHT, PARAMS[]
# Number of cameras: 178
208 PINHOLE 1280 720 969.79659532039 976.79380097024739 640 360
207 PINHOLE 1280 720 1517.6663396943229 818.10546131793217 640 360
206 PINHOLE 1280 720 638.92576882976107 668.46602824038791 640 360
205 PINHOLE 1280 720 1488.3337591648449 1962.1512316776862 640 360
188 PINHOLE 1280 720 1106.8813380686554 1106.9444421712778 640 360
187 PINHOLE 1280 720 1107.999013891947 1107.0132698034686 640 360
186 PINHOLE 1280 720 1110.5340116698969 1105.7119755350388 640 360
185 PINHOLE 1280 720 1105.5245220957966 1102.7394827949477 640 360
184 PINHOLE 1280 720 1108.7047597431667 1106.4999853852175 640 360
183 PINHOLE 1280 720 1107.645272826069 1106.0205896631976 640 360
182 PINHOLE 1280 720 1108.5040684205946 1107.4349705952977 640 360
181 PINHOLE 1280 720 1101.0668623560944 1102.390987004411 640 360
180 PINHOLE 1280 720 1105.9022946878345 1105.471467477849 640 360
179 PINHOLE 1280 720 1097.4213391516216 1095.4561106104479 640 360
178 PINHOLE 1280 720 1096.3993545785495 1097.3053574847456 640 360
177 PINHOLE 1280 720 1093.3034762197901 1093.3856511556776 640 360
176 PINHOLE 1280 720 1090.3909213082045 1090.8786509152976 640 360
175 PINHOLE 1280 720 1095.7151121424354 1097.2317223550094 640 360
174 PINHOLE 1280 720 1095.4217994480182 1097.5821776921559 640 360
173 PINHOLE 1280 720 1095.2499987693582 1097.7196486756577 640 360
172 PINHOLE 1280 720 1096.288810842856 1095.0327662289903 640 360
171 PINHOLE 1280 720 1094.9676518949771 1096.2962579501814 640 360
170 PINHOLE 1280 720 1097.6180462843647 1095.9118398856394 640 360
169 PINHOLE 1280 720 1100.8924326483525 1099.2856638896953 640 360
168 PINHOLE 1280 720 1100.9585853320248 1098.5624688156624 640 360
167 PINHOLE 1280 720 1101.2164207632584 1100.0099554471487 640 360
166 PINHOLE 1280 720 1101.3455534317759 1099.9409039971436 640 360
165 PINHOLE 1280 720 1103.0644077389688 1100.9882618226191 640 360
164 PINHOLE 1280 720 1102.2747859272683 1100.0035566366275 640 360
163 PINHOLE 1280 720 1107.897998276097 1105.3097038196424 640 360
162 PINHOLE 1280 720 1083.9710433803409 1084.1978162869777 640 360
161 PINHOLE 1280 720 1086.8001017791435 1084.5678648433482 640 360
160 PINHOLE 1280 720 1082.9058122140589 1082.8343416146115 640 360
159 PINHOLE 1280 720 1082.9207707539397 1081.2295543751384 640 360
158 PINHOLE 1280 720 1086.2117798664244 1084.0991220509588 640 360
157 PINHOLE 1280 720 1090.1936981936037 1086.9925364799453 640 360
156 PINHOLE 1280 720 1093.6321094850671 1087.8414587843042 640 360
155 PINHOLE 1280 720 1098.2630518548126 1091.7380027215663 640 360
154 PINHOLE 1280 720 1096.4138221654475 1089.3394329626949 640 360
153 PINHOLE 1280 720 1097.5074393158934 1090.4891981920609 640 360
152 PINHOLE 1280 720 1100.9520459698299 1095.182934127158 640 360
151 PINHOLE 1280 720 1099.7830219339899 1092.92878313344 640 360
150 PINHOLE 1280 720 1100.0808235504767 1093.999473137007 640 360
149 PINHOLE 1280 720 1099.2611570771205 1093.7436268650779 640 360
148 PINHOLE 1280 720 1098.6396487058023 1093.1087645005075 640 360
147 PINHOLE 1280 720 1097.5403015296404 1089.4864402593792 640 360
146 PINHOLE 1280 720 1096.4449557533153 1088.3550278724076 640 360
145 PINHOLE 1280 720 1191.3195695039526 1184.1935644617047 640 360
144 PINHOLE 1280 720 1184.719046334752 1177.7165414738449 640 360
143 PINHOLE 1280 720 1177.505231515089 1167.6031734468377 640 360
142 PINHOLE 1280 720 1171.7448592975265 1162.5588082558058 640 360
59 PINHOLE 1280 720 2715.8054782935524 2162.4302797973378 640 360
58 PINHOLE 1280 720 3052.4813523753978 2524.4383086726803 640 360
56 PINHOLE 1280 720 2820.1960513747872 2443.8962916582509 640 360
55 PINHOLE 1280 720 9751.168081301932 5899.8256451149109 640 360
54 PINHOLE 1280 720 5588.149340258441 3389.9645788879207 640 360
53 PINHOLE 1280 720 4043.0104397653085 2425.3284752357495 640 360
52 PINHOLE 1280 720 3924.3740326114976 2217.8419758369027 640 360
51 PINHOLE 1280 720 3554.1005718775032 1919.317903516649 640 360
50 PINHOLE 1280 720 1055.6960714616773 1075.3009788058469 640 360
49 PINHOLE 1280 720 1070.1942459687716 1076.3801292939647 640 360
48 PINHOLE 1280 720 1071.9008113481812 1066.5539122230564 640 360
47 PINHOLE 1280 720 1026.3866405738847 1016.2783736060188 640 360
46 PINHOLE 1280 720 1088.0739115081749 1084.1646669209611 640 360
45 PINHOLE 1280 720 1093.2524017138305 1090.1016249962843 640 360
44 PINHOLE 1280 720 1087.0510267771774 1083.9743931416212 640 360
43 PINHOLE 1280 720 1097.7786698890607 1098.5503905004475 640 360
72 PINHOLE 1280 720 1083.2596027511615 1186.0864579108293 640 360
13 PINHOLE 1280 720 1060.8121404085448 1046.1862326326191 640 360
140 PINHOLE 1280 720 1155.4035205043442 1147.0156478954448 640 360
42 PINHOLE 1280 720 1100.0358803829972 1097.3468230572817 640 360
71 PINHOLE 1280 720 1156.0496384517257 1271.2058468364662 640 360
12 PINHOLE 1280 720 1035.0281596159293 1016.2238818816425 640 360
139 PINHOLE 1280 720 1137.0231501314793 1123.2340365437351 640 360
41 PINHOLE 1280 720 1105.0207750578072 1102.2340790803862 640 360
70 PINHOLE 1280 720 1158.7245206073367 1270.4054865403414 640 360
11 PINHOLE 1280 720 1005.4397632299676 988.09418251103318 640 360
138 PINHOLE 1280 720 1135.2945784621729 1129.0776266761279 640 360
40 PINHOLE 1280 720 1103.5959366969207 1102.6601827583804 640 360
69 PINHOLE 1280 720 1197.7054184725901 1313.2519789052872 640 360
10 PINHOLE 1280 720 979.38286881943623 964.85218750323327 640 360
137 PINHOLE 1280 720 1149.077504476975 1137.3689870035203 640 360
39 PINHOLE 1280 720 1105.9903169771685 1104.5300341196851 640 360
68 PINHOLE 1280 720 1102.1987624226099 1247.0081645892049 640 360
9 PINHOLE 1280 720 956.89368516787886 943.88904516916352 640 360
136 PINHOLE 1280 720 1139.2295303245949 1134.1347053461793 640 360
38 PINHOLE 1280 720 1102.7958259786928 1097.5074554155055 640 360
67 PINHOLE 1280 720 1031.5437838030025 1175.02380311718 640 360
8 PINHOLE 1280 720 934.7946469236615 923.67841987639906 640 360
135 PINHOLE 1280 720 1138.8484342978354 1133.1511460747365 640 360
66 PINHOLE 1280 720 1040.5479478614625 1194.5695593780194 640 360
7 PINHOLE 1280 720 916.71077464567918 904.548950076496 640 360
134 PINHOLE 1280 720 1131.5467915609063 1124.7290626014483 640 360
65 PINHOLE 1280 720 2715.0355530782595 1582.8329491072832 640 360
6 PINHOLE 1280 720 899.41062049487448 883.87177013784856 640 360
133 PINHOLE 1280 720 1125.6079963766449 1122.5853677478049 640 360
64 PINHOLE 1280 720 2573.7675761050541 1587.6439163004341 640 360
5 PINHOLE 1280 720 883.85514184933993 866.63662340041549 640 360
132 PINHOLE 1280 720 1138.1515120391343 1128.0043573373619 640 360
63 PINHOLE 1280 720 2557.3530895678332 1663.4559258801967 640 360
4 PINHOLE 1280 720 867.24128196558013 848.27783489012506 640 360
131 PINHOLE 1280 720 1133.9830242108519 1124.6797651437932 640 360
62 PINHOLE 1280 720 2378.8029121966906 1649.1492362745873 640 360
3 PINHOLE 1280 720 850.88058427611315 833.95849260878936 640 360
130 PINHOLE 1280 720 1139.7254461649686 1133.5677144840379 640 360
61 PINHOLE 1280 720 2283.3385536190644 1686.0228000151089 640 360
2 PINHOLE 1280 720 1003.9705561648375 990.84819598535341 640 360
129 PINHOLE 1280 720 1139.1779076654011 1132.644173930451 640 360
60 PINHOLE 1280 720 2385.6338428154509 1807.7413843195932 640 360
1 PINHOLE 1280 720 1003.9705561648371 990.84819598535387 640 360
128 PINHOLE 1280 720 1139.6781378432909 1130.9345307366082 640 360
73 PINHOLE 1280 720 1053.3641978861294 1140.6171490510444 640 360
14 PINHOLE 1280 720 1071.6872797300405 1056.0643049675275 640 360
141 PINHOLE 1280 720 1181.4151765586078 1170.7691142151614 640 360
15 PINHOLE 1280 720 1080.1941294859228 1065.0801149371384 640 360
16 PINHOLE 1280 720 1089.3228853564674 1077.8648800208559 640 360
17 PINHOLE 1280 720 1127.7801841225319 1098.1128678808113 640 360
18 PINHOLE 1280 720 1178.5709765446011 1124.2454431562905 640 360
19 PINHOLE 1280 720 1259.9688881495395 1306.6323240823642 640 360
20 PINHOLE 1280 720 1400.9227119361406 1398.5758206513005 640 360
21 PINHOLE 1280 720 1981.2488809960173 2039.9055723858096 640 360
22 PINHOLE 1280 720 2093.4399221661042 1943.2183735875676 640 360
23 PINHOLE 1280 720 1932.3175439853535 2030.3521005803671 640 360
24 PINHOLE 1280 720 11202.902412518562 10181.109471304484 640 360
74 PINHOLE 1280 720 1093.6393166769269 1194.5835415452575 640 360
75 PINHOLE 1280 720 1118.4993828813024 1222.9037658953916 640 360
76 PINHOLE 1280 720 1118.265636342034 1239.1439728366847 640 360
77 PINHOLE 1280 720 1126.8018771507275 1252.3261459405182 640 360
78 PINHOLE 1280 720 1142.8691597850702 1262.970887826199 640 360
79 PINHOLE 1280 720 1165.926280373498 1294.0607334309993 640 360
80 PINHOLE 1280 720 1183.5539118561919 1322.3896916042133 640 360
81 PINHOLE 1280 720 1108.9562236925292 1126.3283739328001 640 360
82 PINHOLE 1280 720 1132.9999864209392 1090.2548644558858 640 360
83 PINHOLE 1280 720 1143.0859196012241 1106.8014622391629 640 360
84 PINHOLE 1280 720 1151.019847931123 1115.514175101297 640 360
85 PINHOLE 1280 720 1133.1070452497233 1090.2174115279317 640 360
86 PINHOLE 1280 720 1132.3705085886086 1087.2836117904028 640 360
87 PINHOLE 1280 720 1125.291993084018 1076.9315046612405 640 360
88 PINHOLE 1280 720 1127.1896992371412 1074.9341859026088 640 360
89 PINHOLE 1280 720 1120.013248304999 1063.8047101028337 640 360
90 PINHOLE 1280 720 1121.0942117311845 1065.5796805577083 640 360
91 PINHOLE 1280 720 1123.1929240689249 1064.9628551407538 640 360
92 PINHOLE 1280 720 1123.7014850402775 1063.4291678706816 640 360
93 PINHOLE 1280 720 1124.6469536695124 1065.0647096381972 640 360
94 PINHOLE 1280 720 1126.0577264137291 1061.1084632695336 640 360
95 PINHOLE 1280 720 1127.3340376468459 1061.6412261444402 640 360
96 PINHOLE 1280 720 1128.9266826162539 1061.0180491183266 640 360
97 PINHOLE 1280 720 1132.3688730974022 1062.6703428593592 640 360
98 PINHOLE 1280 720 1131.8721858967585 1066.6019094945812 640 360
99 PINHOLE 1280 720 1116.2099779252408 1056.3519844102732 640 360
100 PINHOLE 1280 720 1129.5830795897343 1066.0585469534024 640 360
101 PINHOLE 1280 720 1125.8256336136958 1064.7966811787032 640 360
102 PINHOLE 1280 720 1131.4682335496186 1069.9749980480799 640 360
103 PINHOLE 1280 720 1138.5263596624529 1078.5379105483203 640 360
104 PINHOLE 1280 720 1128.535333211976 1063.5536119957221 640 360
105 PINHOLE 1280 720 1122.883182800987 1099.3414179507906 640 360
106 PINHOLE 1280 720 1163.2407944361848 1145.6310979831342 640 360
107 PINHOLE 1280 720 1159.2850131240527 1148.3278699739274 640 360
108 PINHOLE 1280 720 1140.9154514950301 1131.3970563705807 640 360
109 PINHOLE 1280 720 1142.3933863360958 1137.0314213580443 640 360
110 PINHOLE 1280 720 1109.9202778297611 1105.0246733965387 640 360
111 PINHOLE 1280 720 1135.2838278654374 1129.6953835260103 640 360
112 PINHOLE 1280 720 1120.3945259658869 1115.5465367087065 640 360
113 PINHOLE 1280 720 1157.976013031461 1158.6531011706541 640 360
114 PINHOLE 1280 720 1147.9037523812399 1144.9836476565583 640 360
115 PINHOLE 1280 720 1188.815996485401 1180.7570560398196 640 360
116 PINHOLE 1280 720 1161.0079059633822 1158.6675507789971 640 360
117 PINHOLE 1280 720 1169.0278501528944 1161.2298559542139 640 360
118 PINHOLE 1280 720 1170.9097628155064 1157.0608077036011 640 360
119 PINHOLE 1280 720 1154.5717966948757 1148.5851121888522 640 360
120 PINHOLE 1280 720 1155.6671887564719 1148.2319416464477 640 360
121 PINHOLE 1280 720 1165.5627831105801 1161.189054041758 640 360
122 PINHOLE 1280 720 1163.3380058587747 1160.8839878372705 640 360
123 PINHOLE 1280 720 1147.9321170405631 1145.8820347480557 640 360
124 PINHOLE 1280 720 1142.3697646765072 1137.2978408840995 640 360
125 PINHOLE 1280 720 1145.1235902404583 1133.0588312225848 640 360
126 PINHOLE 1280 720 1139.5546894030829 1131.3392805792148 640 360
127 PINHOLE 1280 720 1140.7961389174895 1131.9499759795581 640 360
