# Camera list with one line of data per camera:
#   CAMERA_ID, MODEL, WIDTH, HEIGHT, PARAMS[]
# Number of cameras: 208
208 PINHOLE 1280 720 928.65841071461466 930.85779860173102 640 360
207 PINHOLE 1280 720 918.26165255079661 917.4185253818564 640 360
206 PINHOLE 1280 720 928.72287938410489 927.55968307757144 640 360
205 PINHOLE 1280 720 932.44474427140688 931.96649689445951 640 360
204 PINHOLE 1280 720 638.07216737059684 643.50166772718353 640 360
203 PINHOLE 1280 720 636.52286538621388 641.95437354879823 640 360
202 PINHOLE 1280 720 636.10798783444943 640.47131794277504 640 360
201 PINHOLE 1280 720 634.68857793849384 638.91712479975467 640 360
200 PINHOLE 1280 720 633.74282769118656 637.88078426909408 640 360
199 PINHOLE 1280 720 633.23571537338171 637.10193878742768 640 360
198 PINHOLE 1280 720 635.73832490313373 637.93321990503489 640 360
197 PINHOLE 1280 720 636.87670881627628 639.15894992103767 640 360
196 PINHOLE 1280 720 638.64904173149773 641.1874521954212 640 360
195 PINHOLE 1280 720 642.1876898577724 643.55499650873867 640 360
194 PINHOLE 1280 720 638.44997617751324 639.94785208916323 640 360
193 PINHOLE 1280 720 636.85519073664614 638.09988674432577 640 360
192 PINHOLE 1280 720 638.44647814893722 638.81402138533917 640 360
191 PINHOLE 1280 720 640.19543599241661 639.59424864768016 640 360
190 PINHOLE 1280 720 640.35869336241331 637.78112289314379 640 360
189 PINHOLE 1280 720 638.93928300776361 637.09491488478761 640 360
188 PINHOLE 1280 720 639.16652000600845 637.97322175978229 640 360
187 PINHOLE 1280 720 639.06152372521819 637.95619926534607 640 360
186 PINHOLE 1280 720 639.19683420569152 638.57709417500564 640 360
185 PINHOLE 1280 720 638.31066947903025 637.29240104939902 640 360
184 PINHOLE 1280 720 638.3232634652461 638.72354712540709 640 360
183 PINHOLE 1280 720 636.1272571661226 637.06095753320005 640 360
182 PINHOLE 1280 720 639.51708079299419 639.43469413455966 640 360
181 PINHOLE 1280 720 638.31976415202882 638.8045155338491 640 360
180 PINHOLE 1280 720 637.59506654455879 637.32893583188002 640 360
179 PINHOLE 1280 720 639.08435725128697 639.32178181709094 640 360
178 PINHOLE 1280 720 639.74741702629763 639.93639499002427 640 360
177 PINHOLE 1280 720 639.44143039060793 639.56440795546519 640 360
176 PINHOLE 1280 720 639.85483921839443 640.03118224392131 640 360
175 PINHOLE 1280 720 639.30655519740003 639.49453085400319 640 360
174 PINHOLE 1280 720 639.08232145402383 638.64372401507103 640 360
173 PINHOLE 1280 720 639.21825044314312 639.10300599997163 640 360
172 PINHOLE 1280 720 639.41104118810927 638.69600206510347 640 360
171 PINHOLE 1280 720 639.74320658395777 639.09220057525636 640 360
170 PINHOLE 1280 720 640.53533951369377 640.8162796647448 640 360
169 PINHOLE 1280 720 639.94215870269659 639.53168338969419 640 360
168 PINHOLE 1280 720 640.27770245928139 639.5885983539107 640 360
167 PINHOLE 1280 720 640.10607438281806 640.11094884184081 640 360
166 PINHOLE 1280 720 640.70647682836011 640.56551619036452 640 360
165 PINHOLE 1280 720 640.20661805479244 639.62624838306328 640 360
164 PINHOLE 1280 720 639.64851881454024 638.86603672634203 640 360
163 PINHOLE 1280 720 639.76817913330171 638.34256611576586 640 360
162 PINHOLE 1280 720 639.20775664436621 638.26079502858238 640 360
161 PINHOLE 1280 720 639.10001893615993 638.27792954172446 640 360
160 PINHOLE 1280 720 639.68755685621841 638.47632507950107 640 360
159 PINHOLE 1280 720 639.94641628307807 638.45715275084547 640 360
158 PINHOLE 1280 720 640.17856223948093 638.69063811721344 640 360
157 PINHOLE 1280 720 640.14145490237956 638.44196284102702 640 360
156 PINHOLE 1280 720 639.51985896645772 638.54811018369855 640 360
155 PINHOLE 1280 720 640.32534629351824 640.13144900146801 640 360
154 PINHOLE 1280 720 639.63404275864741 639.6110299318525 640 360
153 PINHOLE 1280 720 638.95806602488176 639.03303275861765 640 360
152 PINHOLE 1280 720 639.8861305763545 640.46791863706471 640 360
151 PINHOLE 1280 720 640.31390699921417 640.69724168178982 640 360
150 PINHOLE 1280 720 640.31138608716992 640.93697968138395 640 360
149 PINHOLE 1280 720 639.71236585511917 639.60656186772223 640 360
148 PINHOLE 1280 720 639.56947247329117 639.60855048590588 640 360
147 PINHOLE 1280 720 638.86418235207077 638.49439312682091 640 360
146 PINHOLE 1280 720 639.9884231269333 639.98403214789982 640 360
145 PINHOLE 1280 720 639.32966259754187 640.13354857615116 640 360
144 PINHOLE 1280 720 639.66395152128644 639.98476572648894 640 360
143 PINHOLE 1280 720 638.85766448159893 638.94059403508447 640 360
142 PINHOLE 1280 720 639.35443322040442 639.79854978254002 640 360
141 PINHOLE 1280 720 639.70465066852591 640.05968378559851 640 360
140 PINHOLE 1280 720 639.62232621787223 640.24763856740879 640 360
139 PINHOLE 1280 720 638.86591596470703 639.72283694092471 640 360
138 PINHOLE 1280 720 639.24784206706011 639.73541521070422 640 360
137 PINHOLE 1280 720 639.24797317397008 639.46438448750553 640 360
136 PINHOLE 1280 720 639.15476695003861 639.52397181378888 640 360
135 PINHOLE 1280 720 638.40717910396791 639.08537337784662 640 360
134 PINHOLE 1280 720 638.97010249283517 640.25908760281095 640 360
133 PINHOLE 1280 720 639.37092516119083 640.15055741058416 640 360
132 PINHOLE 1280 720 638.60278070822335 639.37454015661001 640 360
131 PINHOLE 1280 720 638.74677080730589 639.30885258827755 640 360
130 PINHOLE 1280 720 638.99537602908526 639.71405342298488 640 360
129 PINHOLE 1280 720 639.33013582002525 640.0490791339646 640 360
128 PINHOLE 1280 720 639.34026460858468 639.9169248850875 640 360
59 PINHOLE 1280 720 639.62918554335874 640.29751251888001 640 360
58 PINHOLE 1280 720 640.2594041005193 639.97679383682282 640 360
57 PINHOLE 1280 720 639.72963029961409 639.92595717000859 640 360
56 PINHOLE 1280 720 641.15239229886788 642.29350018962054 640 360
55 PINHOLE 1280 720 641.17165987403553 642.25127548602995 640 360
54 PINHOLE 1280 720 641.11168519859154 641.6468417441173 640 360
53 PINHOLE 1280 720 640.44787813224093 640.39115092102236 640 360
52 PINHOLE 1280 720 640.89315013882879 640.90790605617553 640 360
51 PINHOLE 1280 720 641.28864726040626 641.64659597934838 640 360
50 PINHOLE 1280 720 641.25714161696408 641.224796916988 640 360
49 PINHOLE 1280 720 640.79526467691869 640.03671693291415 640 360
48 PINHOLE 1280 720 638.93032111453135 638.8848551682396 640 360
47 PINHOLE 1280 720 639.63580598411602 639.20508137069783 640 360
46 PINHOLE 1280 720 639.67694565017052 639.11277751008402 640 360
45 PINHOLE 1280 720 639.2146296488678 639.03705354576778 640 360
44 PINHOLE 1280 720 638.07392971472564 637.94989209563278 640 360
43 PINHOLE 1280 720 639.61801209186967 638.54647442747114 640 360
42 PINHOLE 1280 720 640.16266679543151 638.94529756098302 640 360
41 PINHOLE 1280 720 638.37520011927427 637.14946001932128 640 360
40 PINHOLE 1280 720 637.90240992876261 637.36679780558939 640 360
39 PINHOLE 1280 720 637.22314349641226 635.98458558307516 640 360
38 PINHOLE 1280 720 638.48856282778695 637.64104190012006 640 360
37 PINHOLE 1280 720 638.04824719555131 637.57884854047643 640 360
36 PINHOLE 1280 720 637.79734213787106 637.17873804512965 640 360
35 PINHOLE 1280 720 638.03793035843239 637.83990180084095 640 360
34 PINHOLE 1280 720 638.66480685607553 637.7242351686707 640 360
33 PINHOLE 1280 720 634.95816698005092 634.17455752144917 640 360
32 PINHOLE 1280 720 634.08679289140866 635.79584542250905 640 360
31 PINHOLE 1280 720 627.53637483097884 631.63294509442846 640 360
30 PINHOLE 1280 720 630.2111748776706 632.29811081764706 640 360
13 PINHOLE 1280 720 639.46669923555226 639.31119532080788 640 360
12 PINHOLE 1280 720 639.89966466165401 639.60258720328875 640 360
11 PINHOLE 1280 720 639.3676936459857 639.53883876089219 640 360
10 PINHOLE 1280 720 639.34700143643829 639.33190024409703 640 360
9 PINHOLE 1280 720 639.22862741567997 639.54636502320398 640 360
8 PINHOLE 1280 720 639.33538967526613 639.49804087757548 640 360
7 PINHOLE 1280 720 639.02418164069934 638.91071069310397 640 360
6 PINHOLE 1280 720 639.01253821180364 638.99916194030891 640 360
5 PINHOLE 1280 720 639.06045011883327 639.04389668180693 640 360
4 PINHOLE 1280 720 639.63073657987957 640.58749305219317 640 360
3 PINHOLE 1280 720 639.76233267379109 640.12170669550676 640 360
2 PINHOLE 1280 720 639.70762245843571 640.80774628618906 640 360
1 PINHOLE 1280 720 639.70762245843571 640.80774628618872 640 360
14 PINHOLE 1280 720 638.01784393953903 637.59569802684211 640 360
15 PINHOLE 1280 720 637.18015375451876 636.36990503181778 640 360
16 PINHOLE 1280 720 637.78842734145007 638.34915408739494 640 360
17 PINHOLE 1280 720 638.11848687523286 638.39814306310029 640 360
18 PINHOLE 1280 720 636.33764680564855 636.70381265780918 640 360
19 PINHOLE 1280 720 638.05000451340243 636.86626838502411 640 360
20 PINHOLE 1280 720 630.81058241273183 631.6531664203053 640 360
21 PINHOLE 1280 720 641.91075941343775 642.7987904615818 640 360
22 PINHOLE 1280 720 639.43267965856546 639.2350087891848 640 360
23 PINHOLE 1280 720 636.98860779066956 635.95072768543753 640 360
24 PINHOLE 1280 720 634.63266541232906 632.81818702743078 640 360
25 PINHOLE 1280 720 635.0295091314847 633.42667236099294 640 360
26 PINHOLE 1280 720 635.65237301336902 633.5873635065625 640 360
27 PINHOLE 1280 720 630.79031653717209 630.14777769804425 640 360
28 PINHOLE 1280 720 626.92811704733549 627.40459144877832 640 360
29 PINHOLE 1280 720 627.25354926913531 630.20256902763367 640 360
60 PINHOLE 1280 720 639.76581657785914 640.00727554280081 640 360
61 PINHOLE 1280 720 639.09379550005417 640.07170311740606 640 360
62 PINHOLE 1280 720 639.98843859801991 640.40350768173812 640 360
63 PINHOLE 1280 720 640.35878142136812 640.91052780103303 640 360
64 PINHOLE 1280 720 640.47952543226484 641.42710028897318 640 360
65 PINHOLE 1280 720 640.54014378756449 641.7608648307189 640 360
66 PINHOLE 1280 720 640.74292589758807 641.42294805512381 640 360
67 PINHOLE 1280 720 641.16603980847651 641.73113074473395 640 360
68 PINHOLE 1280 720 642.73363288243161 642.57240624287351 640 360
69 PINHOLE 1280 720 643.24044260898768 642.91145071748542 640 360
70 PINHOLE 1280 720 642.60461598407517 642.74603505057325 640 360
71 PINHOLE 1280 720 639.42132142425578 639.13954066401641 640 360
72 PINHOLE 1280 720 639.01347046909916 639.10256259057576 640 360
73 PINHOLE 1280 720 639.34257493103382 639.07522534058364 640 360
74 PINHOLE 1280 720 640.50371688478958 640.48043554890194 640 360
75 PINHOLE 1280 720 638.40797812278083 640.21403590565797 640 360
76 PINHOLE 1280 720 640.06618851116127 640.03746534117761 640 360
77 PINHOLE 1280 720 639.95705785024927 640.20159501236367 640 360
78 PINHOLE 1280 720 639.24306391859545 638.25057225278999 640 360
79 PINHOLE 1280 720 640.17513120514047 640.18987827077092 640 360
80 PINHOLE 1280 720 640.74543334011128 640.98826278162403 640 360
81 PINHOLE 1280 720 641.49386126363095 641.81460537687224 640 360
82 PINHOLE 1280 720 640.42228645513046 640.25999486076 640 360
83 PINHOLE 1280 720 641.22918194425858 642.99414018765981 640 360
84 PINHOLE 1280 720 641.03399446965818 642.75285246971805 640 360
85 PINHOLE 1280 720 640.0587665204032 640.03343782955528 640 360
86 PINHOLE 1280 720 638.21108537927762 638.67747183161669 640 360
87 PINHOLE 1280 720 640.17899098970304 638.97966741719335 640 360
88 PINHOLE 1280 720 638.90991536064291 637.38393639021172 640 360
89 PINHOLE 1280 720 639.87703214501221 637.08581784813407 640 360
90 PINHOLE 1280 720 639.33581659380195 637.19568198900663 640 360
91 PINHOLE 1280 720 640.45134616975827 636.57302486824688 640 360
92 PINHOLE 1280 720 637.9791296121374 633.36859824585895 640 360
93 PINHOLE 1280 720 636.55719561991361 631.94066941761503 640 360
94 PINHOLE 1280 720 634.76288121704965 629.72614930986708 640 360
95 PINHOLE 1280 720 633.49541397315215 627.89589929977092 640 360
96 PINHOLE 1280 720 635.2026955722655 628.19276361564221 640 360
97 PINHOLE 1280 720 635.2026955722655 628.19276361564221 640 360
98 PINHOLE 1280 720 633.47038892205467 627.87682955754485 640 360
99 PINHOLE 1280 720 635.14020418160692 629.23617357851469 640 360
100 PINHOLE 1280 720 643.44610231687375 630.60826740843186 640 360
101 PINHOLE 1280 720 640.84166307496992 634.95809370095651 640 360
102 PINHOLE 1280 720 638.92210500979184 634.95566577660566 640 360
103 PINHOLE 1280 720 637.40692772836042 633.2803402947834 640 360
104 PINHOLE 1280 720 639.98069663745514 636.58059435768473 640 360
105 PINHOLE 1280 720 639.35251613642481 635.34746040938694 640 360
106 PINHOLE 1280 720 641.39346525928011 636.8463807698655 640 360
107 PINHOLE 1280 720 642.45187827902726 637.31458675220063 640 360
108 PINHOLE 1280 720 639.99220745558944 634.81796804462533 640 360
109 PINHOLE 1280 720 638.01077612613244 633.74310792910262 640 360
110 PINHOLE 1280 720 639.66050700736196 635.36722730083932 640 360
111 PINHOLE 1280 720 637.99431350505699 635.4835690915653 640 360
112 PINHOLE 1280 720 637.30465932527898 634.39260927670512 640 360
113 PINHOLE 1280 720 637.75080444566822 635.87097481738545 640 360
114 PINHOLE 1280 720 639.72258311619385 638.77315104104059 640 360
115 PINHOLE 1280 720 640.37331182890046 639.92549439389359 640 360
116 PINHOLE 1280 720 641.25404838111149 642.11927567299358 640 360
117 PINHOLE 1280 720 640.20071727596667 640.32166873039671 640 360
118 PINHOLE 1280 720 641.64070825851229 640.59530424997888 640 360
119 PINHOLE 1280 720 639.91719923552148 640.06938042404477 640 360
120 PINHOLE 1280 720 639.52527821997876 640.74935431664403 640 360
121 PINHOLE 1280 720 639.70532199436923 639.71251066963362 640 360
122 PINHOLE 1280 720 639.64476809462099 640.46980044720817 640 360
123 PINHOLE 1280 720 639.49927593691143 641.20738216895109 640 360
124 PINHOLE 1280 720 640.37135510897201 642.52352097413018 640 360
125 PINHOLE 1280 720 640.2044638936477 641.53390804533706 640 360
126 PINHOLE 1280 720 639.61352690942908 641.09142513728352 640 360
127 PINHOLE 1280 720 639.28370760295161 640.0335999577153 640 360
