# Camera list with one line of data per camera:
#   CAMERA_ID, MODEL, WIDTH, HEIGHT, PARAMS[]
# Number of cameras: 208
208 PINHOLE 1280 720 947.62953973433491 944.68521185618772 640 360
207 PINHOLE 1280 720 920.14323359378295 922.11878365507266 640 360
206 PINHOLE 1280 720 933.66404938457572 931.14134666428697 640 360
205 PINHOLE 1280 720 935.97185892487653 938.41508461753835 640 360
204 PINHOLE 640 360 522.98287908567636 544.74663588040482 320 180
203 PINHOLE 640 360 523.76611092510393 536.5035096888472 320 180
202 PINHOLE 640 360 526.65810107504694 532.32655768520124 320 180
201 PINHOLE 640 360 514.88738096127918 518.16217003487498 320 180
200 PINHOLE 640 360 502.57401931624935 505.36684068715607 320 180
199 PINHOLE 640 360 494.25941491664582 494.30676211380359 320 180
198 PINHOLE 640 360 494.25941491664582 494.30676211380359 320 180
197 PINHOLE 640 360 494.25941491664588 494.30676211380364 320 180
196 PINHOLE 640 360 481.55094373309112 478.65492582636688 320 180
195 PINHOLE 640 360 481.86997891056365 478.97166540972984 320 180
194 PINHOLE 640 360 480.52920444012318 474.37833510299453 320 180
193 PINHOLE 640 360 502.73883252293393 496.83654922198144 320 180
192 PINHOLE 640 360 470.81160342555182 461.13731393419562 320 180
191 PINHOLE 640 360 467.02869229137229 457.10180371690899 320 180
190 PINHOLE 640 360 463.39553110613565 453.5327332898031 320 180
189 PINHOLE 640 360 466.74846129186506 459.86246705174648 320 180
188 PINHOLE 640 360 464.14666784003578 458.02716416276496 320 180
187 PINHOLE 640 360 462.9721046678352 458.82639267431426 320 180
186 PINHOLE 640 360 463.53122072074058 459.8125765620162 320 180
185 PINHOLE 640 360 462.78206211720124 461.44453823827024 320 180
184 PINHOLE 640 360 462.47094931831452 462.04790873468409 320 180
183 PINHOLE 640 360 462.41701225281048 463.17646053861 320 180
182 PINHOLE 640 360 464.10759171421051 465.7009702471164 320 180
181 PINHOLE 640 360 466.31947507861247 468.66964469126594 320 180
180 PINHOLE 640 360 466.91690451476467 469.69431623484297 320 180
179 PINHOLE 640 360 464.43278536939016 467.30675137978989 320 180
178 PINHOLE 640 360 461.77655956332956 465.32310111550447 320 180
177 PINHOLE 640 360 467.08603055495524 470.75712320446263 320 180
176 PINHOLE 640 360 464.46469747681942 468.61696111907372 320 180
175 PINHOLE 640 360 467.51612429412978 472.69472045682181 320 180
174 PINHOLE 640 360 466.60329600769734 471.52796965968389 320 180
173 PINHOLE 640 360 466.79227213161158 471.47143474121276 320 180
172 PINHOLE 640 360 467.60102323657395 472.68069474759199 320 180
171 PINHOLE 640 360 467.24606874569457 471.65478608109674 320 180
170 PINHOLE 640 360 467.64361391924433 470.87232866518497 320 180
169 PINHOLE 640 360 466.65484822963583 469.71201447677612 320 180
168 PINHOLE 640 360 467.22023460103713 469.51671278382145 320 180
167 PINHOLE 640 360 466.88076564341156 469.43888271510912 320 180
166 PINHOLE 640 360 465.59342805688328 468.60367303160308 320 180
165 PINHOLE 640 360 464.68689554816109 466.69342652240016 320 180
164 PINHOLE 640 360 462.85221482619886 465.06164070284484 320 180
163 PINHOLE 640 360 466.30548780100781 469.10974940498755 320 180
162 PINHOLE 640 360 461.96611101869178 464.56088829865928 320 180
161 PINHOLE 640 360 462.79516359675523 465.45434933197083 320 180
160 PINHOLE 640 360 463.88669663301903 466.79878094205475 320 180
159 PINHOLE 640 360 464.17384516003892 466.66642216416147 320 180
158 PINHOLE 640 360 466.06536311571051 468.49036598159012 320 180
157 PINHOLE 640 360 465.06659422879801 466.82226027230371 320 180
156 PINHOLE 640 360 467.09552886272655 468.32959609612334 320 180
155 PINHOLE 640 360 465.07834280236113 468.49331595092133 320 180
154 PINHOLE 640 360 466.49718376149701 469.68111855706417 320 180
153 PINHOLE 640 360 467.84411147039481 471.3020574565291 320 180
152 PINHOLE 640 360 468.02953345395565 470.23812673231157 320 180
151 PINHOLE 640 360 467.18252372846712 470.13927052020637 320 180
150 PINHOLE 640 360 467.17774051158267 469.62776431480347 320 180
149 PINHOLE 640 360 466.04303587652652 467.29169113219848 320 180
148 PINHOLE 640 360 463.18119867722976 461.77130356095165 320 180
147 PINHOLE 640 360 464.81352245962648 464.64610967949318 320 180
146 PINHOLE 640 360 465.1121730551211 459.18769227783247 320 180
145 PINHOLE 640 360 463.8960760886269 458.28095923013677 320 180
144 PINHOLE 640 360 464.96646628203507 459.15315682500079 320 180
143 PINHOLE 640 360 463.64658198727835 457.639424774058 320 180
142 PINHOLE 640 360 466.85428723102103 460.15875515784484 320 180
141 PINHOLE 640 360 467.47696609428357 461.87981694134868 320 180
140 PINHOLE 640 360 494.28044445755353 501.1324216600317 320 180
139 PINHOLE 640 360 455.07427409754291 451.11945280260744 320 180
138 PINHOLE 640 360 453.17035930110353 449.91865521234655 320 180
137 PINHOLE 640 360 453.26328439108977 449.37011532239052 320 180
136 PINHOLE 640 360 453.76929628702197 450.97726514951739 320 180
135 PINHOLE 640 360 451.32286477974645 449.30441033890764 320 180
134 PINHOLE 640 360 451.86388217341505 452.8721806822349 320 180
133 PINHOLE 640 360 449.51892033617264 440.57472252047313 320 180
132 PINHOLE 640 360 452.70183288043182 449.65097998328804 320 180
131 PINHOLE 640 360 453.28759552351494 451.27788294219152 320 180
130 PINHOLE 640 360 452.12927118080739 451.46006699084518 320 180
129 PINHOLE 640 360 452.95127421310082 451.05890005368485 320 180
128 PINHOLE 640 360 451.6634969847542 451.01232302623356 320 180
59 PINHOLE 640 360 461.8949060536907 466.69390009173929 320 180
58 PINHOLE 640 360 463.95626994489186 465.16973258590014 320 180
57 PINHOLE 640 360 466.19293965917035 466.08248180106335 320 180
56 PINHOLE 640 360 479.67498142229346 493.5997828097187 320 180
55 PINHOLE 640 360 481.04841782119422 500.24446380650863 320 180
54 PINHOLE 640 360 471.41909584566315 481.65067874279288 320 180
53 PINHOLE 640 360 464.24380959899031 466.16898414600644 320 180
52 PINHOLE 640 360 464.76022332360651 463.49261451088597 320 180
51 PINHOLE 640 360 466.92322791874875 466.48786669174484 320 180
50 PINHOLE 640 360 466.15191594565374 464.96995656251846 320 180
49 PINHOLE 640 360 463.50096314084919 464.31366045255817 320 180
48 PINHOLE 640 360 466.24272699171809 465.28251680822524 320 180
47 PINHOLE 640 360 465.43514749646448 465.58873163709825 320 180
46 PINHOLE 640 360 464.88991282347098 464.59754273245306 320 180
45 PINHOLE 640 360 463.18430214776077 463.1308333195397 320 180
44 PINHOLE 640 360 464.9574721355678 464.04318761695697 320 180
43 PINHOLE 640 360 465.27586865107861 464.07478257187188 320 180
42 PINHOLE 640 360 464.43276455157201 462.25655021198895 320 180
41 PINHOLE 640 360 462.02360463177519 460.38520002367699 320 180
40 PINHOLE 640 360 464.20129699608378 460.33379446484327 320 180
39 PINHOLE 640 360 464.06748117231359 460.93072274131788 320 180
38 PINHOLE 640 360 461.30932284937035 455.92673517255912 320 180
37 PINHOLE 640 360 463.52781407620517 459.35715810160121 320 180
36 PINHOLE 640 360 463.69216665259398 455.03279374322148 320 180
35 PINHOLE 640 360 465.46860962977581 457.58103547977998 320 180
34 PINHOLE 640 360 463.44313716561157 460.5316580533497 320 180
33 PINHOLE 640 360 460.58274147491954 458.77429272007453 320 180
32 PINHOLE 640 360 457.63481756146678 457.24556529442515 320 180
31 PINHOLE 640 360 458.05248273513706 459.19125767674512 320 180
30 PINHOLE 640 360 446.59810420819747 448.80104328977166 320 180
13 PINHOLE 640 360 467.58492104854241 467.71306045841516 320 180
12 PINHOLE 640 360 467.09658990453659 466.33758632521165 320 180
11 PINHOLE 640 360 465.33513109489041 464.53914039075244 320 180
10 PINHOLE 640 360 465.17066262079794 464.99831881035823 320 180
9 PINHOLE 640 360 465.510197869188 465.48233509200804 320 180
8 PINHOLE 640 360 465.70990340729486 464.86590105661458 320 180
7 PINHOLE 640 360 465.99331432592226 465.80019042301274 320 180
6 PINHOLE 640 360 465.134406361586 465.30687987111924 320 180
5 PINHOLE 640 360 465.3802961046772 466.60133421870256 320 180
4 PINHOLE 640 360 465.50201181272064 467.40547631790196 320 180
3 PINHOLE 640 360 465.4696360282843 467.1617109434427 320 180
2 PINHOLE 640 360 461.37832241907023 467.33355945602966 320 180
1 PINHOLE 640 360 461.37832241907012 467.33355945602955 320 180
14 PINHOLE 640 360 463.52757114551531 464.04137045664049 320 180
15 PINHOLE 640 360 466.11675952206616 463.73494232341341 320 180
16 PINHOLE 640 360 467.6304469346311 464.89462186185335 320 180
17 PINHOLE 640 360 464.69144176327654 464.75894963492868 320 180
18 PINHOLE 640 360 464.69144176327592 464.75894963492829 320 180
19 PINHOLE 640 360 475.40380283019891 471.74306699402194 320 180
20 PINHOLE 640 360 475.61661095803493 471.29817199327681 320 180
21 PINHOLE 640 360 476.09147525388073 472.42560304193381 320 180
22 PINHOLE 640 360 489.8770690058173 489.93952991910697 320 180
23 PINHOLE 640 360 475.34508956140456 489.54826998063982 320 180
24 PINHOLE 640 360 483.19112356711008 509.8621192500795 320 180
25 PINHOLE 640 360 475.96493620811225 491.4758304657459 320 180
26 PINHOLE 640 360 461.38384563361006 460.91355491036427 320 180
27 PINHOLE 640 360 459.54400401150815 456.84863522282888 320 180
28 PINHOLE 640 360 459.54400401150826 456.84863522282893 320 180
29 PINHOLE 640 360 454.49513767649563 453.65248255493401 320 180
60 PINHOLE 640 360 462.46445479212935 466.19581606754662 320 180
61 PINHOLE 640 360 462.41140571725754 466.66747528652104 320 180
62 PINHOLE 640 360 462.20892114549059 466.55283669553472 320 180
63 PINHOLE 640 360 462.71056827023438 466.05387143568902 320 180
64 PINHOLE 640 360 463.1850972171722 467.0451935565294 320 180
65 PINHOLE 640 360 463.609210254446 466.82042051245912 320 180
66 PINHOLE 640 360 462.68784245940594 466.72948353309721 320 180
67 PINHOLE 640 360 459.94851792952494 464.50078644214801 320 180
68 PINHOLE 640 360 458.99357588885914 461.37721969378617 320 180
69 PINHOLE 640 360 468.66366114942707 471.67474581947891 320 180
70 PINHOLE 640 360 464.6623336876508 472.28533217490161 320 180
71 PINHOLE 640 360 460.58103293406845 465.84216998274263 320 180
72 PINHOLE 640 360 463.42518774958438 467.28026089715223 320 180
73 PINHOLE 640 360 459.21467791698711 461.32597157623064 320 180
74 PINHOLE 640 360 461.20639730540472 464.10126327708178 320 180
75 PINHOLE 640 360 462.42114117413541 464.39622416201246 320 180
76 PINHOLE 640 360 461.60068829574925 464.39295913056037 320 180
77 PINHOLE 640 360 463.82576370502119 467.18874936831025 320 180
78 PINHOLE 640 360 463.30688140089387 465.88458400189739 320 180
79 PINHOLE 640 360 461.66567614124176 463.64621231304073 320 180
80 PINHOLE 640 360 463.32234364745165 465.3708419517647 320 180
81 PINHOLE 640 360 467.9187078571573 471.55395662664091 320 180
82 PINHOLE 640 360 469.00370784199112 474.00163973228172 320 180
83 PINHOLE 640 360 463.58109420398119 466.766132825363 320 180
84 PINHOLE 640 360 465.22806118630444 468.3757790712034 320 180
85 PINHOLE 640 360 466.92546194940689 467.38960174148525 320 180
86 PINHOLE 640 360 464.71270643920656 466.0863145892734 320 180
87 PINHOLE 640 360 464.89379704292679 465.00015638074763 320 180
88 PINHOLE 640 360 464.74742213593765 464.35237518024798 320 180
89 PINHOLE 640 360 466.51237927134906 465.95007541461041 320 180
90 PINHOLE 640 360 467.21152804785578 464.9038339974926 320 180
91 PINHOLE 640 360 468.82550384158645 465.88782656377157 320 180
92 PINHOLE 640 360 469.00914759868675 465.25855353841814 320 180
93 PINHOLE 640 360 468.95720558348268 464.55489245701318 320 180
94 PINHOLE 640 360 469.917991344597 465.13032527926464 320 180
95 PINHOLE 640 360 472.82254919419199 464.70946854500875 320 180
96 PINHOLE 640 360 474.92629039040969 466.85127958354974 320 180
97 PINHOLE 640 360 474.01006159452379 467.0274041248515 320 180
98 PINHOLE 640 360 470.65030658895762 464.00734831902827 320 180
99 PINHOLE 640 360 467.46867382685508 465.28908996632197 320 180
100 PINHOLE 640 360 467.91006551438352 466.96816596694003 320 180
101 PINHOLE 640 360 465.74631391399265 468.99467618551273 320 180
102 PINHOLE 640 360 459.59562998791898 463.63398470035526 320 180
103 PINHOLE 640 360 458.94515974469169 461.56371681457074 320 180
104 PINHOLE 640 360 453.55966432220805 456.01671206616425 320 180
105 PINHOLE 640 360 452.81757543479267 454.98451078442588 320 180
106 PINHOLE 640 360 451.24625526909784 455.27132831548863 320 180
107 PINHOLE 640 360 452.23913041781702 456.90671362219911 320 180
108 PINHOLE 640 360 446.57423516184366 449.94962029610036 320 180
109 PINHOLE 640 360 466.72439112081946 468.30439267289603 320 180
110 PINHOLE 640 360 1085.8704926556409 1039.6572629779223 320 180
111 PINHOLE 640 360 996.40266383104563 936.7880028840176 320 180
112 PINHOLE 640 360 944.92450228324378 890.47977228958348 320 180
113 PINHOLE 640 360 771.43135360317001 735.74572424574353 320 180
114 PINHOLE 640 360 658.79297036214609 632.12191343508164 320 180
115 PINHOLE 640 360 567.78612527065138 552.48763857006179 320 180
116 PINHOLE 640 360 484.57045276829001 483.9284330534702 320 180
117 PINHOLE 640 360 482.93794009145472 482.35843595540939 320 180
118 PINHOLE 640 360 479.08282467312171 475.38780503119847 320 180
119 PINHOLE 640 360 478.16123030727078 477.16817207572018 320 180
120 PINHOLE 640 360 473.89687443927619 472.58917311479928 320 180
121 PINHOLE 640 360 473.13089949434431 472.50840290288176 320 180
122 PINHOLE 640 360 468.22432187689753 468.53250808435109 320 180
123 PINHOLE 640 360 464.41161358340588 464.14858842532999 320 180
124 PINHOLE 640 360 466.1499556087482 465.6445912587763 320 180
125 PINHOLE 640 360 458.7296781316175 458.49066822822749 320 180
126 PINHOLE 640 360 456.31871140131847 453.36425459616203 320 180
127 PINHOLE 640 360 454.1003022364435 451.91660813174855 320 180
