# Camera list with one line of data per camera:
#   CAMERA_ID, MODEL, WIDTH, HEIGHT, PARAMS[]
# Number of cameras: 35
33 PINHOLE 1280 720 549.28607611461314 548.09477429012838 640 360
32 PINHOLE 1280 720 542.98676778108654 543.90597678387712 640 360
15 PINHOLE 1280 720 534.91856303865154 530.19201959936811 640 360
191 PINHOLE 1280 720 539.66624533345225 533.40256224251129 640 360
14 PINHOLE 1280 720 536.17119068654767 529.51886514590501 640 360
13 PINHOLE 1280 720 539.36914834275058 532.34744753264988 640 360
12 PINHOLE 1280 720 539.34411575237834 532.10791164055127 640 360
11 PINHOLE 1280 720 539.97439126304585 533.20375347227207 640 360
10 PINHOLE 1280 720 539.59420187550415 533.25975380629495 640 360
9 PINHOLE 1280 720 540.11283485937895 533.50949759103605 640 360
8 PINHOLE 1280 720 540.71006297768031 533.91671572155883 640 360
7 PINHOLE 1280 720 539.99136586261886 533.82997235421522 640 360
6 PINHOLE 1280 720 541.0291614389331 534.85817622411116 640 360
5 PINHOLE 1280 720 541.36340584965308 535.37272715124982 640 360
4 PINHOLE 1280 720 541.52071399696285 535.20697509422666 640 360
3 PINHOLE 1280 720 541.61133483935782 536.88352331814724 640 360
16 PINHOLE 1280 720 534.40093872140733 528.272546039958 640 360
17 PINHOLE 1280 720 528.07818515864619 526.37112244743184 640 360
18 PINHOLE 1280 720 528.32607929632366 525.33166873177345 640 360
19 PINHOLE 1280 720 529.19513982626586 525.19078487097033 640 360
20 PINHOLE 1280 720 529.80916717503112 525.04789141251558 640 360
21 PINHOLE 1280 720 531.94421982054712 527.43443495445013 640 360
22 PINHOLE 1280 720 537.33306709816031 531.14211301618707 640 360
23 PINHOLE 1280 720 537.30020210002203 531.21002487976614 640 360
83 PINHOLE 1280 720 535.13572757581767 548.36842550332267 640 360
24 PINHOLE 1280 720 538.37237940285718 535.13421594234012 640 360
25 PINHOLE 1280 720 538.63771405443458 533.41223252354234 640 360
26 PINHOLE 1280 720 543.10641394389677 539.17342359676638 640 360
27 PINHOLE 1280 720 544.11945807761003 539.11661888922504 640 360
28 PINHOLE 1280 720 546.58196908351999 540.67619503255878 640 360
206 PINHOLE 1280 720 937.21272071047224 926.65331735674215 640 360
29 PINHOLE 1280 720 545.8240544825403 540.71435618514886 640 360
207 PINHOLE 1280 720 924.52654457376889 914.25335322234696 640 360
30 PINHOLE 1280 720 547.18449711603739 542.29388215902532 640 360
31 PINHOLE 1280 720 550.78005029156259 545.32367146486877 640 360
