# 3D point list with one line of data per point:
#   POINT3D_ID, X, Y, Z, R, G, B, ERROR, TRACK[] as (IMAGE_ID, POINT2D_IDX)
# Number of points: 353, mean track length: 5.3937677053824364
304 -7.6781932870938014 -4.6136882651567248 15.928420506633536 101 103 111 0.70276771054026232 8 49 6 57
257 -11.049006095594114 -2.2572647903552019 15.042280824214719 41 42 42 2.1285064349461926 1 156 7 156 6 177 5 182 4 164
255 -9.7742599281714018 -2.060305274018229 15.875035474584807 104 109 126 0.55964402483489928 9 187 8 191 7 195 1 195 6 217 5 215 4 217 3 182 2 188
254 -2.5635212397582392 -4.8555374724424656 16.92436668839089 147 148 151 0.90395229116624809 9 182 8 186 7 192 1 192 6 214 5 225 4 232 3 196
249 -7.9463068322494319 -2.7121317731981169 16.284745557955208 53 55 61 0.51996871719651216 9 113 8 127 7 121 1 121 6 137
248 -6.8533882754094018 -4.3737633101080009 15.866798506649062 67 70 80 0.64154851223505682 9 107 8 119 7 113 1 113 6 108 5 130
247 -6.78861352756903 -4.3352030672331114 15.69617678470356 67 70 80 0.4405715966308702 9 106 8 118 7 112 1 112 6 107
246 -7.6763055067413459 -3.7873461328456668 16.292006415546183 103 105 113 1.7815471724661431 9 92 8 98 7 80 1 80 6 109 5 101 4 108
245 -7.6792618387496967 -4.4132860456974941 15.542465997842628 67 70 80 0.36625732873540817 9 91 8 83 7 57 1 57
244 -3.2728746478865975 -2.0605094811991127 16.360741361287786 55 57 67 1.3252862482734782 10 50 8 70 6 79 4 68 3 63 2 55
243 -3.2728746478865975 -2.0605094811991127 16.360741361287786 55 57 67 1.3252862482734782 10 49 8 69 6 78 4 67 3 62 2 54
242 -10.089521947622712 -2.2459818743939217 15.191176515525404 86 87 91 0.99088321099670029 9 60 8 65 7 30 1 30
241 -6.280120994039307 -4.1457189183864838 16.106653085407807 106 104 104 0.33270345202393398 9 36 8 53 5 84
239 -3.2115523266260411 -2.6990626526685784 16.306459641460268 109 110 113 0.64307797414014667 9 63 8 35 7 50 1 50 6 40 5 37 4 42 3 37
238 -3.2080963565369132 -2.6920412994179559 16.293559255235014 109 110 113 0.8820676364436878 9 62 13 60 8 34 7 49 1 49 6 39 5 36 4 41 3 36 2 36
237 -8.0894526553131101 -2.7146942275026769 15.900392222421088 77 78 80 0.39506218423518485 9 58 8 31 7 28 1 28 6 36 5 33 2 33
235 -2.8423146716819314 0.59332426751749689 24.704508521188799 67 68 70 0.61237562384182831 10 161 11 178 9 174
233 -10.089591824677147 -0.097486428021532429 15.885212071736726 54 54 54 0.65083182679279084 10 126 9 136 8 146 7 141 1 141 6 155 5 161 4 167 3 121 2 127
232 -10.002664029207152 -2.5574825642766541 15.427355693696306 83 84 88 0.31074541510930059 10 115 9 130 5 135
231 -10.002664029207152 -2.5574825642766541 15.427355693696306 83 84 88 0.31074541510930059 10 114 9 129 5 134
229 -6.7890633804285443 -3.9192510990105234 15.922900254233806 68 67 67 1.0282080918314935 12 92 9 109 8 122
228 -6.828631804077955 -3.916381496548019 15.985345042038265 68 67 67 0.69130859851707605 11 105 9 108 8 121 7 115 1 115 6 134 4 106
227 -3.0693716298091243 -3.4973713018160875 16.402943503280635 199 200 201 0.95526648400104308 10 75 9 94 8 101 7 84 1 84 6 112 5 103 4 109 3 96 2 66
226 -9.2300198274391239 3.1839415705369323 17.913894813728803 135 135 135 0.93473277832059054 10 90 9 87 8 113 7 74 1 74 6 96
225 -3.6662736561602607 -2.5813013275313486 16.614467811774556 50 51 54 1.7632689940188515 12 67 9 80 7 68 1 68
224 -7.9516198305134083 -4.2144479859035622 15.823253622316953 93 95 104 0.87263561225321529 10 60 9 77 8 87 7 64 1 64 6 88 5 82 4 83
223 -8.6124938807555527 -4.2113916046838318 15.9747187705602 93 95 103 1.306358139098045 10 59 9 76 8 86 7 63 1 63 6 87 5 81
222 -4.2024915211797866 -4.6570233397097738 16.343743619122218 125 127 134 0.64065118354565997 10 58 9 74 8 85 7 62 1 62 5 56 4 58 3 57 2 49
221 -4.3661037459950212 -4.5868457421608726 15.949656924950581 64 66 74 1.5094628133769188 10 57 9 72 8 51
220 -10.878745470098576 -3.776305328978439 13.862205884360023 28 28 28 2.1636799366716608 1 58 7 58 6 84 5 54 4 54 3 71
219 -9.019884098668367 3.3667658683472155 18.11348949598419 2 2 2 1.1963007166045732 14 101 9 69 15 77
218 -8.7055238568766669 -2.8384026561498619 16.476807977433683 34 35 37 1.834587067306052 10 40 9 51 8 61 6 33 5 62 4 63 2 31 3 31
217 -9.5201928903267969 -2.6647671570334888 15.454316457912981 39 39 40 0.90542122138078529 10 37 9 46 8 59 6 30 1 27 7 27 5 31 4 34 3 22 2 23
216 -9.7369059567373135 -2.7601739333761159 15.61671809033731 60 60 60 0.25322566122232154 10 35 9 40 8 54
215 -4.288662773142657 -4.4978371432248636 15.87900203141378 97 99 108 1.7047400043736343 10 13 9 27 8 28 7 11 1 11 6 4
214 -10.873056271055464 -2.4065487336269511 15.642940575084364 102 102 102 1.2618037549760237 11 5 9 17 7 3 1 3 6 66 4 89 3 10
213 -10.816073439058831 -2.6030335299975538 15.623323392735671 84 85 85 0.61760625023931026 11 3 9 15 7 25 11 62 1 25 6 16
212 -10.773319508698412 -2.4699266970011462 15.570168818513997 101 102 102 0.15810603436753262 11 30 9 9 7 1 1 1
211 -10.805580020927781 -3.5605857488959836 13.562528475874744 23 23 23 1.93448098699101 10 0 9 0
209 -11.1569238805985 -1.9764635408163218 15.602664693927265 97 99 98 1.5886112927338882 8 189 7 194 1 194 6 216 5 228 9 186
208 -8.5284680530723236 -2.2809121006490658 16.379272074439388 104 110 126 1.3037750020140608 11 174 10 157 9 185 8 190 7 196 1 196 6 203 5 216 4 218 2 189 3 183
207 -8.0771792703443452 -2.9156728430268073 16.301413545686241 56 58 64 1.8484461431591617 11 171 10 156 9 184 8 187 7 186 1 186 6 201 5 214 4 216 2 187 3 181
206 -9.6922304472031655 -0.054829745063859875 16.041903388580728 0 0 0 1.2484512084727171 11 167 10 152 9 165 7 174 1 174 6 189 13 157 5 202
205 -10.607715589682369 -2.8526424842056248 15.48673450735177 50 51 53 1.1544662093729074 11 163 10 150 9 171 8 175 7 170 1 170 6 185 5 198 4 184
202 -9.7979530385143683 0.015671965140070271 16.078952149252562 0 0 0 1.2798230750508983 11 140 10 127 9 148 8 158 7 164 1 164 6 158 1 142 7 142 5 162 4 186
201 -9.7142123034412915 -2.9810160749334322 15.511260974255631 130 130 130 0.30723212586425458 11 128 10 113 9 111 8 125
200 -5.4312580969636661 -3.4540925015317474 16.304350198010724 44 46 49 0.5145138368590928 11 127 10 112 9 128 8 142 7 119 1 119 6 136 5 132 4 136 3 119
199 -9.7384700955065835 -2.2791429118999753 15.75702640872308 130 130 130 0.20727106091646272 11 113 10 99 9 115 8 128
198 -11.969115583351295 2.1193676473418717 17.103571905865618 37 37 37 0.20779721165132681 11 102 10 85 9 85
197 -11.597399408854073 1.5645910044061713 16.963120288188399 38 38 37 1.2766866928509353 11 98 12 107 10 81 9 97 8 91 9 83 7 94 1 94 5 92 6 94 4 116
196 -10.758865087946742 -1.5831419384532033 15.075509948585943 60 60 60 1.6069621988825051 10 78 9 96 8 89
195 -8.0978395250377435 -2.8920469055735119 15.849273796115712 80 80 83 1.1862876235178244 13 72 10 66 8 56 6 65 1 67 7 67 5 60 4 85 2 52
194 -8.3863416790300782 -2.9050863988035234 16.059555273055764 79 79 79 0.23612826012054566 11 60 10 65 9 43
193 -8.6427833983057294 -2.8882222738993444 16.041295899617346 88 89 93 0.31859309055274559 11 59 10 64
192 -3.2285398567891983 -3.6387851916581648 16.57421033298602 154 156 160 0.26451844187659151 11 73 10 61 9 30
191 -9.6435095964026978 3.4340780702715223 18.84468621177102 104 104 104 0.76584791377878181 11 45 10 26 8 23
190 -8.4691713635034791 3.1402314196810805 17.985995985730362 98 97 97 1.0775409026268135 11 53 10 25 9 23 8 43 7 17 1 17 6 11 5 8
189 0.55908593816578156 -1.7232619633158488 19.556917357693195 153 154 157 0.69576337284520751 11 40 10 22 8 17 7 16 1 16
188 -10.516249150054733 -1.9020645223020041 15.263478811152506 64 65 68 1.4959445574065342 11 34 10 19 8 15 7 31 1 31 6 21 2 11
187 -3.0447448355148974 -2.5914097753646437 16.343237393654491 119 120 123 0.66491076579504538 12 17 14 4 10 9 8 3
186 -6.8235302587114743 -3.8417104686482206 16.421756503705584 108 113 128 0.82777999161733484 10 2 9 4
185 -10.343257032092623 -2.363407009191778 15.248576664622462 98 99 102 1.1948412439413023 12 153 11 165 10 136 9 160 8 168
184 -10.443032646788879 -2.4026365001330658 15.39083027779496 98 99 102 1.5446570508399229 12 152 11 164 10 135 9 159 8 167 7 172 1 172 6 186 5 199
183 -6.8016472758881514 -3.8268136935031212 16.041541301409385 86 91 104 1.0010947998290636 12 149 11 162 10 149 9 170 8 174 7 185 1 185 6 200 5 212 4 214 3 180 2 186
181 -9.9976079614348166 -1.846757919061178 15.443653970600318 105 110 127 1.8874249256228413 11 153 10 139 9 162 7 157 1 157 6 178 5 184
180 -8.8220557910291877 3.0555784972512372 18.678846192487818 100 100 100 1.3511109932900867 12 132 11 151 9 141 8 151
179 -10.855658523653997 1.954715068133358 16.41937660732204 95 90 88 1.8044861691581346 12 121 11 149 10 122 9 140 8 150 7 145 1 145 6 163 5 141 4 145 3 125
178 -10.25717631167049 -2.0538121526770974 15.393994889052067 23 24 27 0.93943309524911522 12 124 11 137 10 124 9 133 8 144 7 123 1 123
177 -10.265606184272505 -2.0592943304607929 15.408987734065413 23 24 27 0.78969543087058114 12 123 11 136 10 123 9 132 8 143 7 122 1 122 6 138 5 137 4 111 5 105 3 98 2 69
176 -5.4320913905302302 -3.4626526514763221 16.317868156636564 47 48 52 0.51284402147402408 11 126 7 118 1 118
175 -8.3615810939502246 -3.2016296551752021 15.894398543276766 130 130 130 0.16660063687363452 12 116 11 125 10 111 9 110 8 124
174 -8.3613276968860095 -2.5127219290133351 16.152750834595366 130 130 130 0.2955764947295122 12 104 11 112 10 97 9 114
173 -2.4195417098102929 -3.0338600312439246 16.933670948469036 211 211 211 0.78344969986821844 13 121 11 111 10 98
172 -8.5021445486073794 3.1866461046583039 18.299631080496898 112 111 110 1.232600593617464 12 91 11 104 7 75 1 75 6 97
171 -11.925429261157555 2.1143737675040937 17.044061589429596 37 36 36 0.26409780552408835 12 90 11 103 10 86
170 -2.5045172640530522 -1.709683878163996 16.536365340411844 217 217 217 2.1601270727292978 14 77 11 94 8 71
169 -3.9252584623923639 1.380783848726203 21.572141530403883 29 30 31 0.45110575118611895 12 75 11 84 10 69 9 84 8 92 7 73 1 73 5 73
168 -8.9001085357541676 -2.8243231310574259 16.318982600229617 47 49 54 1.6905459209172142 12 51 11 76 10 38 9 48 8 60 7 44 1 44 6 31 5 32 2 27
167 -9.9149727277828426 3.3488207588001289 18.75099690658665 158 157 156 0.4083877967448914 12 26 11 44 9 22
166 -9.9149727277828426 3.3488207588001289 18.75099690658665 158 157 156 0.4083877967448914 12 25 11 43 9 21
165 -2.5848008257181139 -2.7865388498735331 16.047918550869717 229 229 229 0.90181300560537747 17 9 11 32
164 -8.0341468895367996 -2.9029183644601653 15.653928488766054 63 63 65 1.9427563755219264 14 31 11 29 10 17 15 29
163 -8.5791628175049564 -3.0198637007666091 16.074132366481781 63 63 65 0.53229828642612964 12 15 14 30 11 28 10 15
161 -3.3393486948439883 1.1382832019982247 21.956680658538577 35 35 35 0.058224602118539817 12 22 11 18
160 -10.006731011624803 -0.25218396648435643 16.043438055517118 29 29 29 0.1082401171046723 13 9 11 15
158 -2.2880679160864834 -3.1582613239880772 16.96911356898654 173 173 173 1.0825826553513289 12 16 11 7 7 29 1 29
157 -9.6990447541646674 -2.6129486960013293 15.629995164957036 81 81 81 0.83714734570256111 13 175 12 159 11 172 9 172 8 176 7 187 1 187 6 202 5 213 4 215 3 174 2 177
156 -2.3998423026102205 -3.5333599604202317 16.969703404382077 144 144 145 1.794945964379008 12 158 11 170 10 155 9 183 8 188 7 193 1 193 6 215 5 227 4 234 3 198
155 7.8551106008034886 -2.8445238597602907 34.018515098793713 231 231 231 1.6853253538426538 13 158 14 161 12 154 11 156
153 1.7120078223131467 -1.5461144097345165 25.781775781720377 204 204 204 0.61348011126210189 13 167 12 142 11 141
152 -11.04234099595517 -0.042477039493830811 16.748726642947158 70 70 70 2.0925185761014498 13 166 12 141 11 155 10 141 9 147 8 157 7 161 1 161 6 179
151 -1.8857878635664056 -2.5748047820389948 16.274408938415903 206 206 206 1.3657750217229729 13 155 12 138 10 138 9 163
150 -10.549721890171654 -0.35806196368195176 16.310460835135363 4 4 4 0.44250356581311773 13 144 12 125 11 139 10 125 9 146
149 -9.8761220144806146 0.31226073885142136 16.16696258766838 97 92 90 1.4692645100837074 10 118 9 138 8 147 7 126 1 126 6 159 5 108 4 114 4 144 2 73 3 102
148 -9.5254854346962059 -2.4375078482964772 15.537915762384106 8 8 8 0.69743994509851825 9 95 8 104 7 90 1 90 6 114 2 95
147 -10.138822968529537 0.20369995385421588 16.178758140983859 77 75 74 0.29159217877706844 13 114 12 85 11 83 10 53
110 -8.8384203087949835 3.277482273305635 18.365548502366163 111 111 111 0.12772788439891519 14 43 13 51 11 54
367 -11.958591829557475 -3.6459024514846456 13.776053770463866 32 39 52 1.4374366723466914 6 152 5 155 4 158 3 133 2 118
322 -4.6424381692238645 -5.1860851911327455 16.266442707196589 122 124 129 0.79640155442877691 8 137 6 148 5 149 4 154 3 131 2 138
65 -2.1816414572174949 -1.1914482232554739 16.189509091132916 166 166 166 0.10553115205262392 15 101 16 87 14 128
332 -1.8986142608057972 -0.1588073636571018 -0.33955584771804936 59 62 72 0.072038236799871244 1 180 7 180 6 195
337 -5.1485059498679515 -4.5294549629468923 15.933737970778298 80 83 91 0.48195429324063299 6 1 5 20 4 16 3 15 2 19
342 -6.8799442862562099 -5.0517575469730156 16.321473102367325 112 114 121 0.85687523805544441 1 38 7 38 5 49 6 56 4 51 3 54 2 43
85 -2.7305424690544084 -1.1145448461713283 20.359389495070751 94 99 113 0.13248550601321993 15 35 14 40 13 29
345 -3.3003496033439945 -2.3318010111577498 16.166016286107808 27 28 31 0.97227956947146676 6 77 5 69 3 43 2 39
88 -3.5820673839477326 -2.7591967311617212 16.666211880354357 78 78 78 0.30950715032749937 15 49 14 53 13 59
347 -10.079198549922848 -4.8326226790955626 16.462748101523964 63 65 69 1.2162736060983768 6 104 5 76 1 105 7 105 2 61
348 -7.1983640513188805 -4.9496468496663582 15.991323877179113 114 116 122 0.46316564326765436 1 37 6 54 7 37 5 77 4 49 3 53 2 42
91 -3.5494182630394824 -2.5379809318377267 16.730731312949889 74 74 75 0.29464327084810926 15 65 14 75 13 87 12 70
349 -5.8960179314840211 -4.5485244722115166 15.988966049881187 60 64 74 0.1080025348280579 1 61 6 85 7 61 5 80
92 -9.7911587211405191 3.2352436854320108 18.803623613960962 86 86 86 0.86265011071402753 15 75 14 79 13 96 12 76 11 85 10 55 9 68
356 -2.8287326095220902 -1.9104216553931583 16.244860123288788 129 134 147 0.79348977975169355 6 139 5 106 4 141 3 120 2 125
358 -3.4646719617037176 1.2674440867918284 22.527539262736063 25 25 25 1.7081614754183967 10 103 9 118 3 81 4 118 5 112
101 -3.3214612983369505 1.4868757795587995 21.098125597717196 92 92 92 0.69131256591581536 15 93 14 116 13 130 12 114 11 123 10 84 9 100 8 112 7 99 1 99
359 -11.513944660887379 -4.2946408865099155 13.894862330825273 26 26 26 0.80292600820791848 6 125 5 123 4 128 2 80
102 -2.9320273618764894 0.86885768796895146 20.790890650741016 91 91 92 0.47326208873795428 15 112 14 144 13 147 12 128 11 145 10 131 9 152 8 159 7 143 1 143
116 -9.5310694694433113 3.2984555075740061 18.425139781507497 157 157 157 1.0284232526250014 14 60 13 98 12 77 11 86 10 70 9 86
373 -4.9082649314215914 -4.8396206820565473 16.231755393081791 119 121 127 0.37417798537711111 1 149 6 171 7 149 5 175 4 176 3 155 2 160
370 -12.075139327588372 -4.2242677236823649 13.686198105973517 24 28 40 1.2849444940290797 6 167 5 170 4 175 3 153 2 157
113 -8.0863395297131682 -2.8551148076336328 15.801502577711675 81 82 82 1.1513409824471557 14 65 13 73 12 62 11 61 10 67 9 44 8 57 3 27 2 26
117 -9.6220759221458447 3.3197837991071548 18.555490788163237 157 157 157 0.78189412076077203 14 61 13 99 12 78 11 87 10 71
374 -7.8468922057980937 -4.5873926542570747 16.691425206145755 99 101 110 1.5248815211233857 1 150 6 172 7 150 5 176 4 177 2 161
371 -4.3840993455930501 -5.3682544263750316 15.994668828750207 231 231 231 1.3378327821799052 6 168 5 171 1 146 7 146 3 129
114 -8.7427765204920611 -2.8063632844952178 16.08471221297426 40 41 45 0.82934947590593089 14 68 13 77 12 52 11 77 10 39 9 49
387 -3.8811226752064054 -2.5485625319383951 16.525742884427014 42 43 47 1.0839812111420795 6 41 4 65 3 39 2 37
130 -10.066138119771511 3.5062194539556382 18.680539074155856 139 137 136 1.3451685882905562 14 174 13 180 12 166 11 181 10 153 9 177 8 183 7 176 1 176 6 192
391 -2.5271851729717318 1.0087989948457818 18.97141329134201 74 74 74 1.9285049278663715 5 114 6 122 4 94 3 83
134 -8.5586402482917006 3.129551842184314 18.180830936872276 143 143 143 0.9709856694707808 14 10 15 24 12 12
394 -11.413080774089845 -2.2830655218519476 8.611652094012948 30 37 54 1.4825008154704833 5 100 4 105 2 90
137 -4.7789757460745603 -3.5579940184437668 16.177218096438413 69 71 78 1.7613198052026968 15 26 12 30 11 25
395 -11.212762498702439 -2.1874049866792404 8.565573108106376 45 49 62 1.2376638300703515 5 102 4 107
138 -5.0261699279320364 -3.7183893842869287 16.16121941097169 90 91 94 0.78452017211378711 13 53 12 41 9 28 8 29 7 23 1 23 6 26 5 23 4 26 3 17
396 -2.5582635511249876 0.81606073950233882 19.061452939517203 58 58 58 1.8910401533278982 5 111 6 119 4 117 3 82
139 -10.053534174501557 -2.7042709176742563 15.535912838453285 79 80 84 0.27736035517137292 13 70 12 46 11 75 10 62 9 78
407 -12.406850901461921 -3.0690709569815358 9.193559743437909 104 106 106 0.78294201164957455 5 148 4 153 2 115
410 -2.8074855027301573 0.58022617379373642 19.013016888568835 86 86 86 1.8137299427319618 5 163 6 161 4 168 3 141
412 -11.826751051530433 -2.5466150546982957 9.3855391166034128 82 83 89 0.76409234455280861 5 196 4 181 2 144
421 -9.8901457310387855 -4.7686932670438873 16.02422433014209 61 63 66 1.0280134917074302 6 53 4 24
423 -11.48359390499364 -3.5649755707320994 11.148128933480949 70 80 82 0.54243463621257859 5 124 4 130 2 82
427 -9.4446053407455732 -2.6660530551207673 15.334492222087098 0 0 0 0.65152943434332111 12 47 13 71
484 -7.1987921600976073 -4.6440746233919041 16.099288671955996 101 103 111 0.39348318368262541 6 129 2 85 1 109 7 109
488 -10.561805751784627 1.6656233434050536 6.7141841323259355 93 94 95 0.22638303177321395 3 127 2 109
109 -0.010124099398069679 -1.1617039973797096 17.55067291758191 116 121 136 2.216391996127252 14 55 13 46 12 38
363 -10.006903058325262 -5.0404132790896456 16.529271472429087 127 128 128 1.5103337601838553 1 131 7 131 5 146 4 129 6 101 2 137
106 -8.4025596695523248 3.097290536957674 18.464253001049556 143 141 140 2.2502607631989382 15 148 14 173 13 179 12 165 11 180 10 164 9 176 8 182 7 190 1 190 6 191
490 -10.554721701905766 -1.8114569380691627 14.94266938605924 68 69 73 0.21251675810759238 4 139 5 138 2 124
431 -11.484657646637336 -3.7899862198301819 14.039749970553462 22 22 22 0.57504709801115594 4 80 5 79 3 70 2 62
111 -2.0884598175608127 -3.1006519165308717 16.784984028419284 180 180 180 1.992766806955278 14 51 13 57 10 46
365 -12.099451441403295 -3.7810384087746942 13.499692150435394 53 59 71 0.9107333281972575 6 170 5 151 1 168 7 168 4 156 3 115 2 84
108 -9.7881965506723674 3.2773416912791706 18.797816778967039 87 87 87 0.41247134492122228 14 41 13 35 12 11 11 21
492 -10.849995074030419 0.044453201616152502 16.283705542213362 40 40 40 0.7647416613349477 3 165 4 166 5 185 2 149
433 -11.641299095368833 -3.0658032431488675 11.423450888911535 47 57 75 1.5853681912116679 4 81 5 83 2 89 3 73
493 -10.217521961035914 -6.0092699574242534 16.504089702933914 120 121 121 0.92696873065801244 3 149 4 171 2 156
434 -2.0173171141755244 -0.39145718736863849 23.249925707286721 0 0 0 0.65481940408595374 5 109 6 143
494 -10.254642268656385 -4.6761413662774904 16.732664939762238 57 59 64 1.2538054757565178 3 154 5 173 2 159
495 -3.4411779002968541 -0.091243293015213972 17.701628076929222 128 128 128 2.4805192181108935 3 167 4 187 2 169
436 -5.2990884352234611 -5.8222141731224788 16.169803475937041 197 197 197 1.2281089436512878 5 120 3 87 2 111
115 -8.1485705276660703 -2.7666745508330868 15.788379647631658 29 29 29 1.2156829022826516 14 69 13 78 11 78 10 41 9 53 8 62 7 45 1 45 6 35 5 63 4 64 3 33 2 32
372 -11.355187387499788 -4.1367336761003681 13.648006474612608 25 25 25 0.48271802187067692 6 169 2 158
369 -11.136766379928282 -4.506846697268676 13.73334486382246 70 71 71 0.87035039255565372 6 166 5 169 4 174 3 152 2 136
496 -4.2024246659645188 -5.2445317414739998 14.950281216898395 231 231 231 1.5660449876299687 4 198 5 194 2 176
437 5.6281443296787561 -0.20261980232018906 89.484714872219556 134 134 134 1.4918280435185527 13 160 3 100
118 -8.7439533114754706 -2.9123451426024349 16.178507539159405 93 94 96 1.7179263062484935 14 84 13 102 12 61 11 58 10 63 9 42 8 55 7 41 1 41 6 64 5 30
375 -12.17390231026644 -3.3453015856806592 13.714104653366441 100 103 110 1.130537244330686 6 176 5 179 4 162 3 137 2 143
499 -10.464421496643126 -5.2662542568690505 16.214889219448651 55 56 56 1.3731129387467569 3 194 4 230 2 185
440 -3.7602024161370111 1.2537391322773119 19.992617068835948 85 86 89 1.5603242296185638 4 120 6 121 3 104
385 -9.421486906821201 -2.5982594251242324 15.425693578944657 90 92 95 0.18695497525586746 4 36 2 28
128 -10.448388432279483 3.4569499398630246 18.403631444388246 86 80 77 0.74161550690294187 14 149 13 154 12 136 11 134
512 -4.9576083305139269 1.2407177151068998 22.490561936369105 74 76 82 0.7607262377134858 16 107 17 90 18 84
453 -5.3123776017608595 -4.1757830885147085 15.815535233883157 59 62 72 0.63626234074053445 5 181 3 160 2 163
355 -7.1215741532906227 -4.6181529976778046 15.906222759940828 101 103 111 0.36246880796845282 1 77 7 77 5 98
98 -3.6142653945639447 0.75159348860826236 21.755066093427775 70 70 70 1.3960142452183677 15 74 14 99 13 92 12 86 11 72 9 67 3 47 4 47 5 90
482 -9.7780256932039187 -5.2541160092568733 16.230279313190781 125 125 125 2.3511527645157413 6 100 2 79
511 -3.2312733510900116 1.6019185498753596 21.90759787606704 10 10 10 0.44270301508021209 16 100 17 82 18 65
452 -11.490514543245895 -2.9382025482080718 11.480767919287576 102 105 110 1.4285886352857666 4 182 3 159 2 145
354 -6.7805563242800888 -4.7092032852704309 16.15999909879762 105 107 115 0.28893489631083663 1 78 7 78 5 96
481 -9.2226747464220473 -5.6782897444417593 16.683056925962234 197 197 197 1.2840104116264288 3 65 4 76 2 76
383 -11.619059931119986 1.634773772427438 16.868067994601311 27 27 27 1.0864289527723308 8 41 4 11 3 4
126 -8.9655893831146365 -2.2981209644151064 15.846708464703678 43 45 53 0.36039355339763179 14 150 13 143 12 122 11 135 10 116 9 131 8 129
510 0.17577094733136123 -1.341713971850359 16.582920079873787 192 192 194 1.4863522452453373 16 73 17 56 18 49
324 -6.1408506989400662 -4.5422210541064372 15.627093624096952 105 107 115 1.6385342480034331 1 152 7 152 8 140 6 151 5 152 5 177 4 180 3 156 2 141
451 -7.8691771765953042 -4.55355902239104 16.711272749311767 104 107 116 1.7779644880523475 6 173 3 158 2 162
353 -2.9067486975076955 -5.2551524780206726 17.102333588126019 226 226 226 0.29860504326551573 8 79 5 95
96 -3.4019639170292533 -2.5861543874901591 16.460156937121869 52 53 54 0.45309408887354158 15 71 14 87 13 105 12 69
480 -10.130317958001767 -5.6574945515212889 17.027286320640126 122 122 122 1.6849447185388038 3 85 4 77 5 93 2 75
509 -3.9214859773658297 1.3879201297701056 22.393512877726426 9 9 9 0.10118069279062107 16 55 17 53 18 44
450 -11.570336922573722 -4.7774636919433284 13.802764309108911 27 27 27 0.86051106780658848 4 173 5 168 3 150 2 134
479 -11.462314468529637 -5.5510344335488169 13.922939238778028 48 49 49 0.13785617973102643 3 109 2 74
127 -7.9950471645467109 3.0588432806676589 18.743632715180446 86 80 77 0.78994089086800823 14 148 13 153 12 133
508 -1.8830341755451347 -2.4649668986747959 16.373989652591561 199 199 199 0.66343209543174086 15 63 18 16 14 92
351 -2.933707760934007 -1.7262645504838547 16.443851231279734 64 67 77 1.1686596607718678 1 70 7 70 5 89 4 112 3 78 2 72
94 -3.6792484987651735 -3.4896015598059607 16.657067490536765 126 128 134 1.0932293817305496 17 46 14 82 13 100 12 80 11 89 10 76 14 103 9 93 8 100 7 65 1 65 6 90 5 85 4 87 3 75 2 65 18 46
478 -9.9303177467647235 0.22357223426832162 16.344543104727659 0 0 0 0.62318400820205022 11 131 12 119 13 146
507 -3.0975465095617603 1.0990799508557783 19.215334277757201 0 0 0 1.8924192495043481 3 106 4 121 5 113
350 -9.9370972747348656 -2.5235837358238644 15.392077118200151 97 98 101 1.1677696943899265 1 46 7 46 5 87 4 38 10 43 3 58 2 53
93 -9.0359933597129771 3.151153196319378 18.182494148616733 52 52 52 0.823764942035346 15 76 14 80 13 97 12 39 11 42
477 -3.934658156120824 -2.3883634256183925 16.329503815324149 64 65 70 0.65127691915663333 3 77 4 93 2 71
125 -8.7915135799287292 -2.6146570302234236 15.747776105298428 77 80 91 0.21195603114801381 14 123 13 135
506 -2.8079637199685306 -0.85041435414711286 16.069841928961029 105 106 109 3.6290045520680163 3 101 2 99
447 -11.249440194492518 -3.16895586734026 11.427393947885541 28 42 67 0.99242723226815277 4 160 5 157 2 140
124 -8.9779691707669667 -2.5579714918837708 15.532020587958757 79 82 93 0.92146884895754211 14 122 13 134 11 109
505 -11.483593904993629 -3.5649755707320963 11.148128933480931 58 68 75 0.54243463621256871 4 131 5 125 2 83
446 -12.056106394618055 -3.7014277831595779 14.870560146750366 64 65 65 0.48427660683688101 4 134 5 131 3 118 2 120
123 -8.9288179951977131 -2.5396539865231706 15.474334241612317 79 82 93 0.73697694005256953 14 121 13 133 12 101
377 -3.2925669348471658 -0.28989718797173986 21.657204499305927 61 63 71 1.7407822419276455 6 180 5 186 5 205 4 206
120 -3.858719933943505 -1.0679928167540829 20.544700710750885 83 77 74 0.43495586270605402 14 96 13 112 12 72 11 81 10 52
504 -3.6372673014056733 -3.6234242227314102 16.62193554277065 48 50 57 0.45767303858397618 12 60 2 4 11 74 9 39 10 74 8 99 4 84 2 64
445 -4.2576671931945231 -4.7415535184986242 15.474970030255747 135 137 143 0.86505128904497253 4 104 5 129 3 117 5 99 2 88
122 -3.8712511289717297 1.5659708868092317 21.610952978491472 95 95 95 0.54158986925567154 14 115 13 132 12 113 11 122 10 107 9 121 8 111 9 102 7 98 1 98 5 116
376 -11.19289459668788 -1.8024955601020227 15.125958891796033 76 78 77 1.0975154960566138 6 188 5 183 4 185 3 164 2 166
119 -3.8637905026541075 -2.546445186953799 16.725770099798453 75 76 81 0.89217524430229245 14 91 13 108 12 83 11 92
503 -8.5915645226988584 2.5242904147783065 14.433751042885337 121 119 120 0.8501698935100277 3 173 2 172
444 -11.374935667784037 -3.2348286910943491 11.102790584116359 64 69 81 0.66300432969477541 4 157 5 153 2 117
346 -3.1522834292633668 -1.4645990092813606 21.266339123835589 64 66 76 0.49373748373963045 5 70 1 71 7 71
473 -2.0797401303046463 -3.2084477325007539 17.572549150579235 0 0 0 0.31540624959596375 5 4 6 38
121 -7.5223040908868581 -2.9563308328128644 16.213553125284889 141 143 151 1.0605087632604437 14 120 13 118 12 98
502 -1.4270516739665635 -1.1206788615377015 16.111565247742153 54 54 54 3.4404922239951974 3 176 2 168
501 -1.9813905422971885 -1.077776907472443 15.580448154209966 172 172 172 3.0995084127667965 3 166 2 167
442 -12.458943817205061 -3.7296381011363469 11.866017749028293 82 86 91 1.0078162006554159 4 152 5 147 3 113 2 114
500 -10.151419186664201 -2.0205357594699693 13.734981486388685 78 78 78 1.1596682428056349 3 199 4 235 2 204
441 -12.164520911733547 -4.6498076130632287 14.711622300377357 64 65 65 0.62319291390921894 4 150 5 145 3 112 2 112
344 -10.620347757633208 -1.6987266932990268 15.282364198609313 20 21 24 0.2414473806581357 1 51 6 74 7 51 5 66 4 43 3 38 2 34
87 -7.8160423226765428 -2.975949536935905 15.831293890568549 69 71 76 1.1215320454201316 14 48 13 55 12 45 11 56 10 34 9 31 7 12 1 12
471 -3.1209545779033285 -2.5289165199863017 16.626543322450921 89 90 94 1.9874991173498751 10 29 8 36 15 50 17 26 16 42 14 54 13 61 11 50 8 39 6 73 3 40
343 -8.7368532659034805 -2.6980871386810645 16.157457470747065 90 91 97 0.66404263082771253 1 47 6 69 7 47 5 64
86 -4.3968007453247191 -3.218145457847938 16.036587445725534 59 62 72 0.8745838061606902 16 58 14 47 13 54
470 -11.513407410705076 -3.5472643510984465 11.706993758674489 13 26 51 1.2792957859478307 4 133 5 126 3 114 2 116
341 -10.893541176828879 -4.3080195271855777 13.666335961780847 33 33 33 1.8770110520787999 1 55 7 55 5 46 6 83 4 78 3 50 2 40
84 -5.4796657527401651 -3.0078057568263148 15.991246370167758 72 75 84 0.71866853887411675 15 28 14 32 12 34 11 49
468 -10.222684998942135 -5.4697423757000276 17.341057000865099 125 125 125 0.9940272668045913 5 75 3 88
340 -11.039234373899419 -4.5883842459229855 13.736091165847434 74 74 74 1.3336725346430938 6 49 5 45
83 -8.5562938231796295 3.0960147101517452 18.44059027183981 121 120 120 0.41239142853629612 14 22 13 33 11 20 12 10
467 -11.22082681013601 -3.6675547582579631 11.400382977580348 34 43 57 1.5444513358956311 4 102 5 94 3 68
339 -9.9944007026170105 -2.7299695958004353 15.598468134267323 65 66 69 0.63886082230182439 6 29 5 27 4 29 3 19
82 -9.4342822694632282 3.2268641679062906 19.044864109939578 53 53 53 0.61671818833521486 15 23 14 21 13 34 12 24
466 -3.1035525502303045 -3.9449475247021564 15.821509412845256 213 213 214 0.59766457534059703 4 233 5 226 3 197 2 202
338 -5.5089148234376566 -3.3300978656464131 16.090600073819814 66 69 79 0.50555449027230426 8 13 5 26 4 19
81 0.24375792797349649 -1.4767991459923191 19.271448940390471 98 102 116 0.31129615739853855 15 32 14 16 13 27 12 5 11 13
465 -11.398783481152401 -3.6766811089260036 11.715717553039964 33 43 56 1.7087209001108963 4 231 3 195 2 198
336 -10.560468938703936 -1.9467005910079072 15.415953359064179 70 72 77 0.49284319089762746 6 20 5 12 3 2 2 10
79 -3.6398398715859934 1.3141083016038413 22.254483203116251 66 66 66 0.89330630775385522 16 33 14 9 18 19
463 -12.459079810662828 -4.6647468381321824 13.523957321001019 106 106 106 0.66715658577041326 4 229 3 193 2 197
458 -7.1951592080240845 2.4015170081648245 15.082841987869225 127 123 121 1.4147569348317814 4 192 5 210 3 171 2 174
457 -7.1951592080240845 2.4015170081648245 15.082841987869225 127 123 121 1.4147569348317814 4 191 5 209 3 170 2 173
456 -4.3724994251378151 1.997141070918049 19.83357104979298 68 68 73 1.5199944692757743 4 188 6 181 3 168
439 -3.7602024161370111 1.2537391322773119 19.992617068835948 85 86 89 1.5603242296185638 4 119 6 120 3 103
432 -10.888537678082635 -3.6242229797586685 13.734662830542325 0 0 0 1.9869664207385602 8 84 9 71
430 -9.1309008623269587 -4.8647505630955248 16.113734162761357 88 90 99 0.96805051371945716 4 79 3 69 2 60
428 -3.7968010698417944 1.0829711011095235 19.943375089994198 38 39 42 1.1189813546345777 4 74 6 95 3 64
107 -4.0022023725132785 4.0028836173509763 22.178815448784047 112 118 136 2.4404576639984934 16 132 14 176 13 182
105 -8.4025596695523248 3.097290536957674 18.464253001049556 143 141 140 2.2502607631989382 15 147 14 172 13 178 12 164 11 179 10 163 9 175 8 181 7 189 1 189 6 190
104 -3.3331643813907226 -2.57558580444723 16.634302345343123 50 51 55 1.6965165005583702 15 138 14 166 13 176 12 160 11 175 10 159 9 173 8 177 7 188 1 188 6 204 5 217 4 219 3 184 2 190
103 -1.8552444543911819 1.7656717710065146 20.422205101203449 67 67 73 2.1642566773846683 15 114 14 146 13 150 12 130 11 150
95 -3.4019639170292533 -2.5861543874901591 16.460156937121869 52 53 54 0.45309408887354158 15 70 14 86 13 104 12 68
78 -3.5663195535749654 -3.0487544514945015 17.118316103612269 108 109 113 0.31420078381585448 17 2 14 3
69 -2.7898618188665654 -1.2681982901892803 17.86356724417989 226 226 226 0.12629928922113179 17 97 16 106 14 139 18 93
64 -3.6466719353878871 -2.971728090325513 16.679772023182863 130 130 130 0.38222334172586875 15 98 16 85 14 124 13 120 12 102 11 110 10 96
63 -5.0866864557904545 -3.4498557027047698 16.24268191054686 17 17 18 0.92529651443553618 13 117 12 96 11 106 10 93 7 83 1 83 5 133 1 120 7 120 3 95 2 63
60 -3.5131926126149531 -2.3217735487932307 16.747075768819546 130 130 130 0.81711898692919538 15 87 16 72 14 107 13 123 12 105 11 114
29 -3.2416095699772374 1.7198951814111401 20.26870076402885 0 0 0 0.9112153425582904 15 104 17 68 16 92 14 132 13 142 12 115 18 66
28 -3.4896461551408202 0.5473746279532492 21.786170421303623 0 0 0 0.52463146294292629 15 102 17 78 16 90 14 130 13 139 18 63
285 -1.2507991174888353 -1.095902123699845 22.491056975908414 59 62 72 0.60892613796250261 8 179 7 173 9 189 1 173
27 0.1032109210305784 -2.0434738739477076 19.364610601024467 231 231 231 1.0961620373263383 15 100 17 63 16 86 14 127 13 136 12 117 11 129 10 100 9 116 8 131 7 124 1 124
284 -3.3583503916808941 -1.545018594202104 17.197550007857423 0 0 0 0.74060284896107631 8 170 7 160 1 160 6 140
26 -3.4295834806512655 -1.8509487435118854 15.62972641689004 45 47 54 0.45821515991201772 15 99 17 72 16 94
283 -11.063623942498735 -3.5940887560728436 13.957529821946178 73 73 73 1.92975970484767 7 154 1 154 6 175 5 178 4 161 3 136 2 142
25 -4.9747615397398386 -3.1639520363110898 16.060937894348751 121 122 123 0.31832008942995699 15 97 17 61 16 81
282 -4.1343963346422576 -5.1013506941842657 15.959372034046977 130 132 138 2.0440938827626209 8 152 7 148 1 148 6 149 5 150 4 155 3 132
24 -3.8476340525165931 1.5544866964097195 21.473034902196595 92 92 92 0.66726496072517405 15 94 17 67 16 91 14 114 13 131 12 112 11 121 10 106 9 120 8 110 9 101 7 97 1 97 5 115
23 -2.5892955771731883 1.3607651695662744 20.602086246468343 76 77 79 1.0127671289228137 15 92 17 59 16 77 14 113 13 128 12 110 11 101 10 83 9 99 8 109 7 96 1 96 18 51
280 -8.0348244283792845 -4.4910550754145557 15.779544672860572 97 99 107 0.6290962363088155 8 139 7 133 1 133 5 128 1 107 7 107
22 -2.6353515945020303 1.1469161611052787 20.63821526356838 40 41 43 1.0341340621385475 15 91 17 58 16 76 14 112 13 127 12 109 11 100 11 119 10 82 9 98 8 108 7 95 1 95 18 50
279 -2.2647613414552108 0.3654883288446929 41.863192172093967 136 136 136 0.82950737752451287 8 135 9 117 7 129 10 102 1 129
21 -3.2977166637939339 1.1939310675021728 21.572987550989776 38 38 38 1.531890823726626 15 90 17 57 16 75 14 131 13 140 12 108 11 118 10 104 9 119
20 -2.0192633733759195 0.53472504752905814 19.874180061699573 67 69 76 1.93063409565127 15 89 17 66 16 89 14 110 18 62
277 -5.6477486198719955 -3.6465391352274956 16.277799784264872 115 116 120 1.6884588753950858 11 88 7 116 1 116
19 -3.7171340232037338 -1.3156882608936227 18.883149644337319 83 77 74 0.89485556052499715 15 88 17 76 16 88 14 94 18 60
276 -5.8495906815148073 -4.0013287241312545 16.061852263457538 64 65 69 0.8782832247484067 8 123 7 114 1 114 6 135 4 135 3 93 9 37 2 91
18 -3.4153649059843856 -3.0654664768935067 16.951776665077169 117 118 122 0.3642305248862806 15 83 17 54 16 68 18 52
275 -6.7265799616530924 -4.6692743542624173 16.063992561832702 105 107 115 0.31317790540595852 8 116 7 110 1 110 6 130 5 127
17 -5.1547666367281799 -3.0875307450039142 16.273396849936024 59 62 72 1.4484305113223681 15 81 17 62 16 84 10 94 8 126
274 -8.5846254972417562 -4.5009220855325829 15.974717849060751 97 99 107 0.50376058089166098 8 138 7 106 1 106 6 131
16 -4.5272520578899194 -3.2930873414891 16.566941347370982 91 95 110 1.4679514425785181 15 80 17 70 16 83 14 134
273 -10.265984174546029 -2.5141935453695519 16.505708340258753 24 25 27 1.0680718426815137 8 103 7 89 1 89 2 67
15 -3.0773265260078606 -3.2480969964670399 16.018030859115413 192 193 195 1.4232364909963451 15 78 17 47 16 57 16 65 14 83 18 45
272 -6.6334861224194466 -3.8282593102934599 16.095944225164008 107 112 125 1.2581140944468134 10 73 7 82 1 82 6 111
14 7.5701023023207998 -2.209044916159828 29.796456788448172 204 204 204 1.6657397592417917 15 73 17 65 16 74 13 90 12 59 18 54
271 -11.514432372229086 -3.7528513648444402 14.167193186656181 26 27 27 1.4218294842280235 8 96 7 79 1 79
1 -3.3330666133009395 -2.4720977830939739 16.981141324638813 102 103 107 0.88584494307455997 15 6 17 4 16 11 14 14 13 5 12 4
2 -3.30441116237703 -2.3393170492472546 17.016567204607192 118 119 123 1.4969744160859051 15 18 17 16 16 23 14 36 13 42 12 19 11 36 18 9
259 -10.559476020615467 -2.5676252570324256 15.707152246746547 74 76 79 0.043455981578512652 9 16 7 14 1 14
3 -4.7541275065533721 -3.5015201506696574 16.078868411264239 69 71 77 2.6268779305846217 15 27 17 24 16 38 12 31 11 26
260 -8.5978366524197885 3.1965928532425321 17.890596028366694 119 119 119 0.088810605406499654 8 22 7 18 1 18
4 -5.5240576385540221 -3.800650022095617 16.477509470947787 97 98 100 0.40791988770782456 15 43 17 21
261 -5.1949539339637996 -4.9584910499491004 15.484048029271468 90 93 101 0.53827865083736204 8 45 7 20 1 20 6 12
5 -4.7696222133438573 -3.5716580235466888 16.065381824305053 51 53 59 2.5131751473455548 15 45 17 23 16 37 14 45 12 42 11 47
262 -5.2939655014543954 -4.6489865359738323 16.259212893896233 59 62 72 0.28909115308571587 8 26 7 21 1 21 6 24 5 19 4 15 3 14 2 18
263 -5.0397661896877635 -4.4479091941324702 15.77227167970497 53 56 65 1.1655099565314591 8 27 7 22 1 22 6 25 5 22 4 2 2 20
7 -0.7567654488542751 -2.2935864241857242 18.236209918796312 193 193 193 1.5052664150109056 15 51 17 27 12 56
264 -10.731550468768617 -1.7731832214660441 15.362773670991837 60 61 63 0.44016665454193671 8 67 7 32 1 32 6 43
8 -4.9478091863108995 -2.6789181245222848 15.543886514602809 59 62 72 1.0898682975432816 15 59 17 36 16 48 14 70
265 -3.7342557058266976 -2.4110002860599011 16.531086280214783 75 77 80 1.4694499094740476 9 65 10 48 7 33 1 33 6 44 5 38 4 44 3 42 2 38
9 -3.918958345159095 -2.7823361053693381 16.98641661777544 52 53 56 0.61273646996912667 15 61 17 38 16 50 18 29
266 -9.6628718228398185 3.2536855454993083 18.534479511092218 97 96 95 0.14881490971537556 8 21 7 35 1 35
10 -3.261115234454516 -2.4346172084134472 16.344023938295809 78 79 81 1.0938585039307751 15 62 17 51 16 52 14 76 13 88 12 55 11 67 10 30 9 34 8 37 7 34 1 34 6 46 4 66 3 41 18 41
267 -7.576235814777676 -4.831508043101179 15.642184064749809 114 116 122 0.25683758812106855 8 46 7 36 1 36
11 -3.7685716097604507 -2.5981800594058058 16.951883973371018 78 79 80 1.5553626692612394 15 64 17 39 16 51 14 74 13 86 12 54 11 66 18 42
268 -10.550366742523545 -2.6655682775810399 15.7837426547575 83 84 88 0.77653523684059433 11 63 7 42 1 42 4 30
12 -3.7134161232897998 -2.6895614004533335 16.89097262160708 42 42 43 1.6650209306114283 15 69 14 88 13 85 12 66 11 79 9 79 18 38
269 -3.4403354433620139 -2.7948790575406059 16.552492576875597 25 26 29 0.059130245940310876 8 66 7 48 1 48
13 -3.8522424029226214 -1.0768480945125229 20.533473412521985 84 78 75 0.43420168997439196 15 72 17 52 16 64 14 97 13 113 12 73 11 82
270 -8.4336491663002455 -2.9287370602217417 16.162149464112062 72 72 74 0.18431058427393018 8 88 7 66 1 66
30 -2.8215886447541223 -1.4017446418351425 17.1409300134417 87 87 87 1.1706373787795974 15 107 17 74 16 95 14 137
31 -2.738936709531306 -1.3585281593137191 16.932967392131221 87 87 87 1.8265304575876034 15 108 17 75 16 96 14 138 13 137 18 59
32 -3.0378732901187524 -1.1725242895189432 20.075079136008263 226 226 226 0.88879617223125751 15 109 17 77 16 97 14 141 13 138 12 118 11 130 10 117 9 135 18 61
33 -3.567850786843096 0.87096557698524391 21.768050083844734 74 74 74 0.63266969989056565 15 110 17 79 16 98 14 142 12 120
34 -3.8495031964131083 0.85543025725868627 22.658810630885402 74 74 74 0.66929372798574871 15 111 17 88 16 99 14 143 18 73
291 -3.3389801251146229 -2.550723091124393 16.22649008365169 47 48 51 0.58871793862132871 7 69 9 81 1 69 6 91 8 105 5 88 4 91 3 76 2 70
35 -2.9320273618764894 0.86885768796895146 20.790890650741016 91 91 92 0.47326208873795428 15 113 14 145 13 148 12 129 11 146 10 132 9 153 8 160 7 144 1 144
37 -1.1144395428604859 -2.7725863418884309 19.000539238362514 231 231 231 1.6976616833594602 15 117 17 85 16 103 16 93 17 71
38 -0.68806654781190735 -2.1026358033607466 18.210661000197124 193 193 193 0.5225101609274615 15 118 17 86 16 104 14 152 18 70
39 -0.67123739341357647 -2.0972142801283096 18.163170497511903 193 193 193 1.2826000710600904 15 119 17 87 16 105 14 153 13 156 11 138 18 71
40 -4.5868180426553202 2.3925247403687071 21.606495177863259 59 62 72 0.63997088382666156 15 125 17 103 16 122 14 155 13 163 12 148 11 160 10 146 9 167 8 161 8 171 7 165 7 175 1 165 1 175 5 188 18 97
41 -3.474966797882268 -3.2716862339763675 16.670645271342238 60 63 73 0.67467696110219499 15 129 17 94 16 115 14 159 13 164 12 137 11 152 10 134 9 158 8 166 7 171 1 171 6 187 5 200 4 201 3 163 3 175 2 164 18 91
298 -3.0273408549664853 -3.0877275728727378 16.629277254278001 161 161 164 0.96804253523092099 12 3 6 6
42 -4.5110083257818632 -2.3946336070946503 17.391756169889003 47 50 58 0.89479215893274455 15 130 17 95 18 79
299 -8.7297900447999339 -2.8301780360575672 16.516936450723069 40 40 43 1.6748195035401583 9 50 6 32 4 62 2 30 3 30
43 -2.3805953195721075 -1.5073839716572226 16.250631257558883 223 223 223 1.9145028724860498 15 131 17 96 16 117 14 160 13 165 12 162 11 166 10 140 9 164 8 156 7 140 1 140 18 80
300 -8.1485879723093415 -2.778389915669067 15.807721046708517 42 43 45 0.45401176655257219 9 52 6 34 3 32
44 -3.3508413032254443 2.0641796587685612 20.499593223733171 130 130 130 2.0743335294984351 15 135 17 92 16 111 13 152 12 131 10 145 18 90
301 -8.7514067048376347 -4.8540900769930637 15.709704974907751 93 95 102 1.1229773402882246 8 44 6 52 5 47 4 48 3 51 2 41
45 1.0958529644175421 -1.3360459348388432 17.536937210725846 231 231 231 1.0111547514477983 15 139 17 104 16 124 14 167 18 92
46 -3.6694200137854289 0.92512316740062794 20.684707177254158 16 16 16 0.72538225375059129 15 143 17 108 16 126 14 170 12 163 10 162 18 94
48 -4.293355273648702 2.866200189749446 20.915349298150566 115 121 138 1.445425873998518 15 146 17 111 16 129 14 165 13 172 12 156 10 147 8 172 18 98
49 -2.8650404496229678 -1.7605543282179492 18.322989877190963 208 208 208 0.98165064193779339 15 31 16 16 14 38
306 -3.7875718219300079 -2.6671768038664836 16.553164075684411 71 72 75 1.1053224242836532 8 33 9 61 6 72 5 35 4 40 3 35 2 35
50 -3.252589444375372 -3.6104206045340126 16.464209908021349 214 214 214 2.2362142565546872 17 12 16 20 14 12 13 16
51 -3.2641724957177281 -2.3755518572217813 17.114216515241903 120 122 126 0.69044596494862154 17 11 16 24 13 23 18 10
52 -3.8271700796187069 -2.8256592329132992 16.92321045045675 82 82 83 1.3718952699894791 15 48 17 25 16 41 14 52 13 58 12 53 11 65 10 28 18 15
53 -5.8947134283223432 -3.5330576162185801 16.474223625674799 118 120 126 1.3738503175309003 15 56 16 47 14 46 13 68 12 43 11 48 13 17 9 29
54 -2.7799947178071247 -1.4678948888122547 16.916762692580221 134 134 134 1.8120300863078784 16 54 14 37 13 62
57 -5.4648977761558291 -2.8945272667355186 15.923421083767979 73 76 85 2.1344875944685917 15 82 16 67 14 105 13 119 12 99 11 107 10 95 9 112 8 102 7 88 1 88 6 115 5 104
58 -3.238282416342154 -2.6036817214064012 16.553729380838256 40 42 46 1.1282545983036276 15 84 16 69 14 89 13 106 12 81 11 90 10 77 9 82 8 106 5 65 4 92
59 -3.8959544559254566 -2.5943162105774076 16.839560935463989 79 80 85 1.3993067025576589 15 85 17 55 16 70 14 90 13 107 12 82 14 106 11 91 18 47
131 -10.066138119771511 3.5062194539556382 18.680539074155856 139 137 136 1.3451685882905562 14 175 13 181 12 167 11 182 10 154 9 178 8 184 7 177 1 177 6 193
132 -3.2905354131240236 1.9946089190843328 22.494338714994463 130 130 130 1.3823658529192138 16 109 13 162 18 88
133 -3.5338697282504636 1.0936553465902614 21.704816723757549 63 63 63 0.54945053959022816 13 31 12 6 10 24
135 -6.8208457688046265 -3.6927981544424138 15.828030170049189 107 112 127 0.42355004065564539 13 0 12 14 11 23 9 14
140 -9.428066857690883 -2.7498110279053192 15.397293401757228 58 58 59 1.3792154189152983 11 57 10 36 9 41 8 30 7 24 1 24 6 28 5 29 4 20 3 20 2 21
141 -9.9454218999109703 -2.7011215552448817 15.839190030694748 26 26 26 0.60317894271730199 13 76 12 48 9 45 8 58 7 26 1 26
142 -9.2502081962457172 -2.6536410340461716 15.447633189087684 37 38 43 1.9124430037299913 12 49 11 64 13 74 10 68 9 47 4 59 3 28
145 -9.4392736311674899 -2.5427431841414356 15.420210557304449 100 100 101 2.3823569266279425 13 84 12 64 9 56 4 37 2 29
146 -1.905177994046684 -1.5173626017523896 20.701879433161359 165 166 169 0.67767090814187314 13 111 12 84 11 96 10 79 8 107 7 93 1 93
