# 3D point list with one line of data per point:
#   POINT3D_ID, X, Y, Z, R, G, B, ERROR, TRACK[] as (IMAGE_ID, POINT2D_IDX)
# Number of points: 68, mean track length: 10.352941176470589
59 -9.2145214488437528 2.2671353880618152 58.077088161932835 51 36 27 0.21546895287443224 293 5800 3 2986
58 -9.189032326531926 2.3013082809134566 57.952091125897226 51 36 27 1.2807333183626117 293 5799 3 2985 16 5985 290 6550 296 7733 17 6201 288 3689 14 7779 12 9186 11 4255
57 4.3794677399758006 3.3659862779910363 33.100947538051727 58 52 45 0.29525010914420263 293 5667 3 2878 16 5708 290 6420 292 6869 296 7573 15 4973 17 5959 288 3433 14 7446 12 8837 11 3832 6 11831 7 8286 10 8238 8 11961 9 7552
56 4.3798941017540258 3.366081883910093 33.102008539951626 58 52 45 0.30438253071140509 293 5666 3 2877 16 5707 290 6419 292 6868 297 11270 296 7572 15 4972 17 5958 288 3432 14 7445 12 8836 11 3831 6 11830 7 8285 10 8237 8 11960 9 7551
55 4.3586765666843865 3.0803813792125192 33.134876301807218 187 167 149 0.55832747437111074 293 5663 3 3027 16 5873 290 6571 292 6996 297 11264 296 7571 15 4969 17 6089 288 3585 14 7632 12 9041 11 4080 6 11827 7 8283 8 12161 9 7755
54 4.648836282644293 3.0537685784014301 33.129524691492257 63 57 52 0.32628962703672743 293 5660 3 2876 16 5703 290 6418 292 6865 15 4968 17 5956 12 8832 6 11824 7 8281 10 8236 8 11956 9 7545
53 1.9200023861401283 1.8053166929598095 33.216784710547707 180 157 143 0.67439464599928278 293 5649 3 2867 288 3576
52 -9.1980214568793208 3.1869452916556753 58.026949682392768 174 142 112 0.68645328872124911 293 5647 3 2815 16 5864 290 6558 292 6850 297 11248 296 7553 15 5131 17 6085 288 3575 14 7623 12 9035 11 4066 6 12058 7 8493 10 8422 8 12155 9 7750
51 -9.1980214568793208 3.1869452916556753 58.026949682392768 174 142 112 0.68645328872124911 293 5646 3 2814 16 5863 290 6557 292 6849 297 11247 296 7552 15 5130 17 6084 288 3574 14 7622 12 9034 11 4065 6 12057 7 8492 10 8421 8 12154 9 7749
1 4.68003652695098 1.7147004343572023 33.261901105027768 153 139 120 0.79616170344429427 293 2505 3 885 292 2264 297 5345 17 3185 6 6408 8 6689
60 -8.5041657960272783 3.3772116209421337 58.099817507728034 43 28 18 0.84083270567756618 293 5811 3 2818 290 6561 292 6986 297 11455 296 7743 15 5133 288 3696 11 4263
14 -9.3496998027182361 3.3709002622158284 58.109986253816039 175 143 111 0.55714572927654527 293 4408 3 684 297 9867 14 5904 6 10222 7 6709 9 5920
15 -9.3468430316988051 3.3691128755396975 58.094406038831451 175 143 111 0.58440793050441586 293 4409 3 685 297 9868 14 5905 6 10223 9 5921
16 -8.2260200905653509 3.5421592807879603 58.044241170883375 44 29 12 0.54469980643337457 293 4415 3 1486 292 5616 14 6466 12 7869
17 -8.2370688420480338 3.5379491895562483 58.083632891805244 44 29 12 0.78936090130599545 293 4416 3 1487 16 5262 292 5617 14 6467 12 7870
18 -8.2982050084419985 -6.9266657494092421 56.070108493201062 156 117 87 0.65457047562406945 293 4690 3 1888 297 10229 14 6743
19 -8.3308982635104112 -6.9426036951995194 56.114620683894074 156 117 87 0.83289157306820893 293 4691 3 1889 16 5120
20 -8.224048244546859 -6.7067181756568317 56.287987499815046 48 34 23 0.7785344684781601 293 4693 3 1892 297 10643 296 6945 14 6747 12 8136 7 7097
21 -8.2211387152730087 -6.7051999176230908 56.275298470161417 48 34 23 0.73383633327965336 293 4694 3 1893 297 10644 296 6946 14 6748 12 8137 7 7098 10 7562
22 5.8899907910158973 -4.4841820768789695 57.685576206108635 72 67 66 0.49669223611351881 293 4723 3 2308 16 4873 290 5510 292 5939 297 10258 296 6574 15 4089 17 5440 288 2543 14 6779 12 8172 11 3063 7 7560 10 7597 8 11235 9 6811
23 -11.460987947329373 -3.5431022382403627 60.796908113990142 78 66 54 0.28265696278377328 3 1923 288 2866
24 -7.78930624671926 -0.91512203531289715 57.774335795301468 137 116 98 0.47665219500538636 293 4759 3 1960 16 5221 14 6844 12 8221 11 3775 7 7173 10 7642 9 6888
25 -9.8922169670771627 3.690473543954627 58.075178229954446 45 29 16 0.80191827468598409 293 4821 3 1480 16 5264 290 5943 292 6065 297 10763 296 6681 15 4516 17 5772 14 6893 12 8268
26 -9.8922169670771627 3.690473543954627 58.075178229954446 45 29 16 0.80191827468598409 293 4822 3 1481 16 5265 290 5944 292 6066 297 10764 296 6682 15 4517 17 5773 14 6894 12 8269
69 3.5220560129735468 3.7251582025089571 33.026184640589527 53 48 45 0.58418804050288209 293 5970 3 3139 16 6002 290 6699 297 11574 296 7869 15 5275 14 7801 12 9205 11 4274 6 12236 7 8649 10 8605 8 12333 9 7923
10 -7.8664100568812785 4.7732137113997748 58.136023538611376 159 131 103 0.48513484845266075 293 3939 3 731 290 3999 297 8493 14 5186 6 6560 10 6215 8 8599
68 4.3818960734318475 3.6553314209577876 33.103509403534979 56 52 46 0.54982738690208532 293 5969 3 3246 297 11573 296 7868 14 7911 12 9308 11 4399 6 12351 7 8760 10 8690 8 12450 9 8033
9 6.1289314636217549 -4.7030121391542723 57.715048320294251 76 66 67 0.15812589225635371 293 3783 3 1378
29 6.4471028323107369 -3.8331913131004529 57.741881262087084 143 126 122 0.64166423552945284 293 5049 3 2587 16 5447 290 6171 292 6616 297 10670 296 6988 15 4716 17 5699 288 3140 14 7108 12 8512 11 3746 6 11476 7 7943 10 7921 8 11629 9 7212
67 4.9010248497217992 3.0401935776062636 33.217650414962343 62 55 53 0.51130874513578117 293 5968 3 3244 16 5996 292 7120 15 5268 6 12227 7 8639 8 12325 9 7910
8 6.1289314636217549 -4.7030121391542723 57.715048320294251 76 66 67 0.15812589225635371 293 3782 3 1377
28 6.4464685270455195 -3.8330996508880419 57.737919750686409 143 126 122 0.66381130870707794 293 5048 3 2586 16 5446 290 6170 292 6615 297 10669 296 6987 15 4715 17 5698 288 3139 14 7107 11 3745 6 11475 7 7942 10 7920 8 11628 9 7211
66 4.8965251452502203 3.0385993848357655 33.208804186127658 62 55 53 0.56694121435313183 293 5967 3 3245 16 5995 292 7119 297 11572 296 7867 15 5267 14 7909 12 9305 11 4396 6 12226 7 8638 10 8686 8 12324 9 7909
7 -8.2101739446441666 -6.9046970722193164 56.209992920127448 176 135 106 1.0086127758071564 293 3750 3 402 16 4446 297 8226 296 5381 17 4330 14 5702 12 6468 6 7929 7 5668 10 5973 9 4891
27 3.3018984857129885 2.1065434295250767 32.956372047774153 67 56 53 0.89258729060110265 293 4827 3 2414 11 3176
65 4.9778620400437834 3.6537382608737956 33.196353640931086 58 51 49 0.027878124125190071 293 5829 3 3142
6 -8.1101021454594928 -8.8293213274694704 55.755056065267581 39 28 21 0.63168466455664873 293 3715 3 1247 297 9688 296 5984 12 7698 6 10007 10 7161
64 3.7955328383059794 3.4190762990099737 33.031056591181787 185 165 147 1.0128493107407615 293 5827 3 3137 16 5879 290 6696 297 11464 296 7753 15 5144 17 6210 288 3707 14 7795 12 9198 11 4269 7 8643 10 8599 8 12328 9 7915
5 6.6041498040192987 -4.2130850330457097 15.871967842873877 99 103 105 0.74723691259065694 293 3487 3 758
63 4.8936093777783771 2.1646438923063562 33.204791870339399 71 65 60 0.65844083336652504 293 5819 3 3131 16 5990 290 6687 292 7113 297 11454 296 7742 15 5261 17 6205 288 3698 14 7785 12 9188 11 4261 6 12221 7 8634 10 8590 8 12317 9 7904
4 -8.1562697467389942 1.3790154143828042 57.988692194166298 108 87 62 0.54750660360080028 293 3252 3 642
62 2.8270148061849008 2.026098751565915 33.109046329134053 55 50 49 0.97152166696997333 293 5818 3 2868 16 5862 290 6565 297 11452 296 7740 15 5132 14 7620 12 9031 11 4259 6 12051 10 8417 8 12150
3 -7.9316884669838377 0.28430032640806513 57.972064781403134 53 34 20 0.64581347021936641 293 3238 3 622 16 4092 15 3299 7 5897 8 9601
61 -9.6942604793952842 3.4761283161787961 58.128445607668894 43 31 19 0.89936905428855163 293 5813 3 2817 16 5992 290 6562 292 6987 297 11456 296 7744 15 5262 17 6208 288 3699 14 7790 12 9195 11 4264
11 -5.0381876834041934 2.8912917090949701 24.498402942208692 154 128 105 1.5166516289960779 3 898 16 4623 297 9329 296 5590 11 2421
12 2.2704914904272675 -5.8956332786724959 32.843116884483592 159 151 151 1.2484428419378928 293 4179 3 469 290 4957 297 9050 296 5324 12 7156
13 2.2971130819585128 -4.6261163656956255 33.118972250513032 175 169 174 0.77189561585636446 293 4222 3 1359 290 5005 296 5366 288 2506 14 5672 12 7200 7 5643 8 9375 9 4865
30 -8.1203511466078719 -1.078999395712416 57.851692065125597 52 32 23 1.0200829644490113 293 5093 3 1957 16 5477 296 7026 15 4468 14 7149 12 8537 11 3496 6 11512 10 7948
31 -8.2133281127723023 1.7590739231264392 58.059585765794054 174 136 105 0.75004724800247313 293 5129 3 2344 16 5494 290 6212 292 6400 297 10735 296 7051 15 4772 17 5756 288 3198 14 7164 12 8552 11 3795 6 11536 7 8004 10 7969 8 11689 9 7277
32 -10.648720002211199 1.808040306328399 58.348011670643679 38 16 5 0.82025492631608321 293 5131 3 2337 16 5495 290 6213 292 6655 297 11012 296 7333 15 4775 288 3410 14 7406 11 3797
33 -9.2958582058516885 2.9700763098795333 58.065410335805886 175 142 108 0.59243966086345412 293 5151 3 2008 16 5505 290 5927 292 6415 297 10751 296 7072 15 4779 14 7176 12 8565 6 11549 7 8020 10 7976 8 11700 9 7290
34 -8.9254663657599469 3.2487484352539377 58.041469474764611 169 141 112 0.33091340615744402 293 5160 3 2361 16 5506 290 6227 292 6419 297 10753 296 7074 15 4780 17 5765 288 3216 14 7178 12 8569 6 11554 7 8022 10 7978 8 11704 9 7293
35 -8.9260394793389164 3.2486348225246724 58.042612987152161 169 141 112 0.3319971898780637 293 5161 3 2362 16 5507 290 6228 292 6420 297 10754 296 7075 17 5766 288 3217 14 7179 12 8570 6 11555 7 8023 10 7979 8 11705 9 7294
36 4.71387234742103 2.3554591726105309 33.169750224295207 183 168 149 0.28356898054776819 293 5179 3 2655 9 7292
37 4.7613783662860119 2.8395312663454959 33.211024689503674 188 169 154 0.64354184348224586 293 5191 3 2422 16 5270 290 5954 292 6090 296 6694 288 3235 12 8273
38 4.7591673149265841 2.8359515132191708 33.181047482436952 188 169 154 0.50027824172640245 293 5192 3 2423 16 5271 290 5955 297 10388 296 6695 12 8274 11 3553
39 6.477439341966039 -4.4665430937140131 57.867292504765153 143 123 116 0.58979408707420822 293 5378 3 2584 16 5433 290 6161 292 6608 297 10662 296 7287 15 4707 17 5689 288 3133 14 7098 12 8499 11 3733 6 11465 7 7929 10 7907 8 11614 9 7199
40 6.1945672630508968 -4.1201473020476982 57.782595446910079 70 65 67 0.49743879964602911 293 5382 3 2787 16 5440 290 6165 292 6611 297 10974 296 7293 15 4710 17 5692 288 3135 14 7368 12 8761 11 3737 6 11469 7 7935 10 7914 8 11621 9 7203
41 6.1945672630508968 -4.1201473020476982 57.782595446910079 70 65 67 0.49743879964602911 293 5383 3 2788 16 5441 290 6166 292 6612 297 10975 296 7294 15 4711 17 5693 288 3136 14 7369 12 8762 11 3738 6 11470 7 7936 10 7915 8 11622 9 7204
42 6.7345489864507631 -3.8470141370016941 58.137058857040756 144 123 118 0.85104144828483286 293 5385 3 2588 16 5448 292 6617 296 7298 15 4717 17 5700 288 3141 7 7944 10 7922 8 11631 9 7213
43 6.9984328741007902 -3.5390564113281768 58.085269545527943 67 67 64 0.5119090972774567 293 5392 3 2797 16 5451 290 6174 15 4720 17 5708 288 3145
44 -10.279194832011052 1.9843611307870046 58.06792337030025 178 145 113 0.85973053939862354 293 5424 3 2339 16 5501 290 6216 292 6656 297 11016 296 7338 15 4777 17 5940 288 3412 14 7407 12 8556 11 3798
45 -9.9606287456895473 2.1668176335334342 58.018379113720783 62 43 20 0.78749694515863566 293 5428 3 2343 16 5688 290 6218 292 6658 297 11017 296 7340 15 4778 17 5942 288 3413 14 7413 12 8813 11 3800
46 -8.7593528259237718 2.408080988456919 58.262982961324866 169 136 109 1.1315583332151529 293 5430 3 2350
47 -9.6250876954004578 2.4566632404807227 57.880737032689488 173 140 113 1.4149878517221839 293 5433 3 2349 16 5690 290 6219 292 6661 297 11019 296 7345 15 4952 17 5944 288 3415 14 7415 12 8819 11 3807 6 11814 10 8230 8 11947
48 4.8461156456655345 1.665977517010431 33.346947281669209 66 66 66 1.5190713225814079 293 5443 3 2871 16 5689 290 6406 292 6670 296 7347 15 4950 17 5943 288 3571 11 3802 6 11540 8 11692
49 6.3243882354045704 -4.9174648821670246 57.585529146405001 73 70 76 0.65018450589064258 293 5597 3 2972 16 5633 290 6510 292 6811 297 11195 296 7502 15 4899 17 6046 288 3532 14 7575 12 8979 11 4001 6 11998 7 8434 10 8371 8 12098 9 7696
50 -9.193041537945744 2.4971326949169765 58.118751630731417 50 35 26 1.2835491571380779 293 5643 3 2810 290 6552 297 11447 15 5127 12 9030 11 4055 6 12050 10 8416 8 12151
