# 3D point list with one line of data per point:
#   POINT3D_ID, X, Y, Z, R, G, B, ERROR, TRACK[] as (IMAGE_ID, POINT2D_IDX)
# Number of points: 55, mean track length: 7.1090909090909093
29 9.1923295991042568 1.2235493966590159 77.80662199930012 66 65 66 0.36184293501793735 265 8198 3 2787 263 8575 266 9656 264 9674 267 8938 11 8415 13 10936 5 11696 261 4256 262 6745
28 -11.653699268288946 10.667131044782462 77.721837346839223 161 139 105 0.40463607370576904 265 7987 3 2362 263 8317 266 9418 264 9431 267 8695 11 8468 13 10993 5 11504 262 6534
27 -11.656066123380663 10.669127762866349 77.740641633090718 161 139 105 0.38628517088431558 265 7986 3 2361 263 8316 266 9417 264 9430 267 8694 11 8467 13 10992 5 11503 261 4324 262 6533
26 -12.115170554237318 10.241699681286569 77.678243937567245 162 139 109 0.38406089088026818 265 7982 3 2008 263 8308 266 9412 264 9427 267 8690 261 4018 262 6530
25 -13.416089837125478 8.8585651667953567 77.814855667628152 165 143 107 0.49270312741180794 265 7972 3 2339 263 8301 266 9398 264 9413 267 8680 261 4310 262 6786
24 -10.625646718175512 8.6716601112673377 78.006407624410528 156 130 108 0.32208615203058077 265 7970 3 2344 263 8298 266 9397 264 9412 267 8678 261 4006 262 6518
23 -10.369050603724309 4.8126211116241153 77.893260097820743 50 32 27 0.61693694070160154 265 7933 3 1957 263 8273 266 9359 267 8639 262 6486
22 9.5145813848729528 1.6160097606467356 77.714084639069384 140 125 114 0.58850421293366495 265 7909 3 2587 263 8251 266 9330 264 9328 267 8605 11 8114 13 10652 5 11437 261 4261 262 6751
21 9.58580340310934 0.77171223720856996 77.838970902594014 134 122 112 0.52489290026795132 265 7897 3 2584 263 8573 266 9652 264 9313 267 8933 11 8105 13 10643 5 11432 261 4254 262 6742
20 6.8498155059650019 8.3611401063298665 46.5154330588961 180 164 149 0.30869409994456587 265 7659 3 2423 263 7994 264 9081 262 6560
19 6.8451795041313961 8.3534296097396403 46.512848055294789 180 164 149 0.80490953264375598 265 7658 3 2422 263 7993 264 9080 13 10717 261 4353 262 6559
18 -11.412552555365059 12.961896406744337 77.161483217738862 63 39 16 1.3375804178825095 265 7653 3 1510 263 7983 266 8630 264 9074 267 8329 11 8206 13 10407 5 11196 262 6187
17 -12.952690554557762 11.200235820945279 77.578898008590585 46 32 18 1.0748002475579421 265 7630 3 1480 263 8328 264 9440 267 8301 261 4033
16 8.7893971384387495 0.70619728955722449 77.672556940289894 68 65 69 0.45335814464970353 265 7521 3 2308 263 7856 266 8939 264 8946 267 8185 11 7763 13 10299 5 11086 261 3545 262 6049
15 -10.412972505115468 -3.0114729746138296 77.053695717794668 44 33 28 0.76874063990106334 265 7488 3 1893 264 8918 267 8151 261 3911
14 -10.412972505115468 -3.0114729746138296 77.053695717794668 44 33 28 0.76874063990106334 265 7487 3 1892 264 8917 267 8150 261 3910
1 -16.052105437779623 -8.9099778299913357 56.235194169632535 108 88 79 0.34559603659265836 265 821 3 215
2 -16.052881756753717 -8.9534387102191584 56.492179566209835 192 165 152 0.54323044015017208 265 822 3 216 263 2837 264 3687
3 -16.072869585758806 -9.4341638695755279 57.226894374393915 99 82 69 1.3782423051268151 265 2802 3 197
4 -6.8597627931965333 -7.2810707988105783 66.53651928253619 45 32 24 1.6866962765342017 265 3034 3 304
5 6.7877206832849772 6.7500076411230037 46.790093901476318 171 157 139 0.069853053374391447 265 3745 3 885
6 11.24753161260692 -9.2199633349050014 41.248779689052327 215 211 220 1.1693439852212386 265 4250 3 164
7 11.24753161260692 -9.2199633349050014 41.248779689052327 215 211 220 1.1693439852212386 265 4251 3 163
8 -10.301692358559899 12.792806309849727 77.773852220838194 161 132 110 1.214419955269656 265 5104 3 731 263 7001 264 7413 5 10734 262 5096
9 -10.357153913871599 -3.2855959121015008 76.763035647210913 153 130 103 0.48277743852222305 265 5741 3 402 263 6058 266 7094 264 7126 267 6278
10 3.6104486981333639 -2.5072274589251533 47.476846175727246 163 160 164 1.4878696170356622 265 6483 3 1359 264 7939 5 9844
44 6.2521360461783919 8.6841865236267974 46.438821349091036 179 163 146 0.46050229562093742 265 8480 3 3027 263 8860 266 9941 264 9952 267 9260 11 8680 13 11177 5 11934 261 4723 262 7173
45 6.2720164683052895 9.1048950364209151 46.355794589488433 57 53 47 0.33556246166174647 265 8483 3 2877 263 8862 266 9945 264 9954 267 9266 11 8683 13 11183 5 11760 261 4575 262 7045
46 6.2690895020571737 9.0991550311985137 46.339255056277203 57 53 47 0.24736343411955375 265 8484 3 2878 263 8863 266 9946 264 9955 5 11761 261 4576 262 7046
47 6.7413539834499838 9.1429361870141772 46.398592986334435 177 163 146 0.54501954539011799 265 8485 3 3029 263 9032 266 9947 264 10140 267 9268 11 8685 13 11185 5 11938 261 4727 262 7177
48 -12.631390178877052 10.912486972727708 77.478878773476282 43 33 23 0.46485129581270235 265 8651 3 2817 263 9015 266 10135 264 10117 267 9437 261 4712 262 7163
49 4.0762059480980346 7.0927092642249807 46.556438231548704 53 50 54 1.642001650397195 265 8654 3 2868 263 9023 264 9940 267 9440 11 8825 13 11327 5 11926
50 7.0786601604130821 7.3967067714953094 46.639639326529853 68 63 60 0.67553323599004433 265 8655 3 3131 263 9152 264 10130 267 9441 11 8826 13 11326 5 12103 261 4831 262 7295
51 5.4093779232393029 9.1389543011706138 46.246465626603069 177 163 147 1.090655048744815 265 8661 3 3137 266 10151 267 9451 11 8835 13 11334 5 12110 261 4838
52 7.1195484780205929 9.5457317396937444 46.455920947734342 57 52 51 0.60995786453912015 265 8665 3 3142 266 10156 264 10144 267 9455
53 7.0437425693530313 8.656822527494846 46.55179937928083 61 56 55 0.49652847025858388 265 8788 3 3245 263 9158 266 10293 264 10273 267 9572 11 8945 13 11430 5 12224 262 7302
54 7.0423575915095959 8.6533511911961796 46.540300095014281 61 56 55 0.38846019526254699 265 8789 3 3244 263 9159 266 10294 264 10274 267 9573 11 8946 262 7303
55 6.2655994869750007 9.508980954693433 46.299919814590865 56 51 50 1.0807811919059951 265 8793 3 3246 266 10302 264 10279 267 9581 11 8950 13 11433 5 12227
56 5.0058416897658029 9.5601252351795001 46.178084194062059 53 48 47 0.60402614812340949 265 8794 3 3139 263 9166 266 10305 264 10283 267 9580 261 4843
43 -11.982262823634972 10.558152684609905 77.610312517218205 163 139 102 0.606522145663007 265 8462 3 2815 263 8835 266 9923 264 9930 267 9244 11 8830 13 11332 5 11937 261 4541 262 7016
42 -11.982262823634972 10.558152684609905 77.610312517218205 163 139 102 0.606522145663007 265 8461 3 2814 263 8834 266 9922 264 9929 267 9243 11 8829 13 11331 5 11936 261 4540 262 7015
13 -10.113192669773225 9.6305628874708393 78.207015616447293 71 61 51 0.41801403578695912 265 6650 3 669 263 6963 266 8058 264 8078 267 7285 261 2581
41 -11.985327366891191 9.6479732292859737 77.904216217291278 46 35 28 1.2564073672556324 265 8454 3 2810 263 9011 266 9914 264 9924 267 9233 11 8827 261 4706
12 3.4906730684267946 2.1926127046997115 47.995189192572504 49 48 53 0.67957235456632548 265 6561 3 1491
40 9.3753925542962939 0.12431631550059487 77.570713713223284 68 67 72 0.45843549634971414 265 8415 3 2972 263 8792 266 9876 264 9887 267 9183 11 8614 13 11122 5 11896 261 4499 262 6979
39 -21.476893023411392 -7.7002238456458052 86.998792146859699 61 55 50 0.91503163125815024 265 8389 3 2523 266 9846
38 -15.977185934890739 -6.7053514430840853 44.061118613539421 46 42 51 0.55673819632960442 265 8346 3 1225 263 8932
37 2.7823000160545486 6.7360065978048187 46.704435257359378 162 142 129 0.46867415194867296 265 8264 3 2867 263 8844
36 7.0199208205103547 6.6846164639399701 46.94318268177112 60 61 64 1.5664163771802635 265 8260 3 2871 267 9015 11 8457 13 10979 5 11741 261 4544
35 -11.302106858995083 9.7035414976226697 77.710964885761726 161 134 108 0.21346822556414674 265 8257 3 2355 263 8611 266 9716 264 9724 267 9004 262 6796
34 -12.601812756768986 9.5070842113835425 77.815774202915534 163 140 110 0.28675769039277849 265 8256 3 2349 263 8610 266 9715 264 9723 267 9003 261 4317 262 6793
33 -11.363847205706556 9.5051708317954926 78.0206840831504 160 134 108 0.85957618221346055 265 8253 3 2350 264 9721 261 4316 262 6792
32 -13.002087104143838 9.1400692786130886 77.795846092359994 54 41 34 0.48912735594976919 265 8252 3 2343 263 8609 266 9713 264 9720 267 9001 5 11754 261 4315 262 6791
31 -13.87437784449258 8.6392878601991772 78.058527007437348 42 25 17 0.68446970932588125 265 8246 3 2337 263 8604 266 9708 264 9409 267 8995 262 6785
30 9.1923295991042568 1.2235493966590159 77.80662199930012 66 65 66 0.36184293501793735 265 8199 3 2788 263 8576 266 9657 264 9675 267 8939 11 8416 13 10937 5 11697 261 4257 262 6746
