# Camera list with one line of data per camera:
#   CAMERA_ID, MODEL, WIDTH, HEIGHT, PARAMS[]
# Number of cameras: 192
208 PINHOLE 1280 720 922.0402297432455 921.8167269663345 640 360
207 PINHOLE 1280 720 7444.8488476401462 8394.7926391009769 640 360
206 PINHOLE 1280 720 588.32658793246583 429.23338581097244 640 360
205 PINHOLE 1280 720 5296.6446547557762 4727.8057429354321 640 360
204 PINHOLE 1280 720 2718.662897252621 2715.3196065064399 640 360
201 PINHOLE 1280 720 3136.1655697496462 3109.3934853186161 640 360
200 PINHOLE 1280 720 1621.3922166845723 1610.4875797742513 640 360
199 PINHOLE 1280 720 1144.405708311539 1140.1055922478865 640 360
198 PINHOLE 1280 720 940.21209496487234 946.27995602487863 640 360
197 PINHOLE 1280 720 807.33933804798073 818.64648019164929 640 360
196 PINHOLE 1280 720 682.63982146720718 692.02263588734354 640 360
195 PINHOLE 1280 720 605.01817281399769 617.67924657540857 640 360
194 PINHOLE 1280 720 580.89728317073752 590.69330852128314 640 360
193 PINHOLE 1280 720 415.35414956890457 414.99003636943121 640 360
192 PINHOLE 1280 720 411.7521454494306 412.96254363734749 640 360
191 PINHOLE 1280 720 361.72337955415122 368.99910427575082 640 360
190 PINHOLE 1280 720 365.97795137052685 376.39965217095107 640 360
189 PINHOLE 1280 720 365.74513619797068 372.45255946267883 640 360
188 PINHOLE 1280 720 364.78356762030432 371.95543056186682 640 360
187 PINHOLE 1280 720 361.11481380713292 366.25997301584766 640 360
186 PINHOLE 1280 720 361.9728273699983 366.38622012336117 640 360
185 PINHOLE 1280 720 357.43005001466702 359.77561372113121 640 360
184 PINHOLE 1280 720 374.282143747021 365.18094304483571 640 360
183 PINHOLE 1280 720 504.920080258746 377.14325430798669 640 360
182 PINHOLE 1280 720 496.48598685137733 388.93584699627468 640 360
181 PINHOLE 1280 720 446.21696306230456 415.95532106922451 640 360
180 PINHOLE 1280 720 998.35953057216932 1137.9924794593353 640 360
179 PINHOLE 1280 720 951.01346070726777 1089.3123003715132 640 360
178 PINHOLE 1280 720 924.7182381094816 1043.8573920578731 640 360
177 PINHOLE 1280 720 891.15747802338512 1007.6011216015676 640 360
176 PINHOLE 1280 720 865.17315834106478 976.8753724314779 640 360
175 PINHOLE 1280 720 837.92544199278609 950.78645458505605 640 360
174 PINHOLE 1280 720 811.73197671483035 923.01741110465434 640 360
173 PINHOLE 1280 720 783.42781994265965 894.72308539079108 640 360
172 PINHOLE 1280 720 759.39387435724609 868.74402586153144 640 360
171 PINHOLE 1280 720 737.73072843165653 844.4867329210382 640 360
170 PINHOLE 1280 720 715.63248318538569 820.85427093737746 640 360
169 PINHOLE 1280 720 695.35927035049144 797.18085073157613 640 360
168 PINHOLE 1280 720 676.44834883308147 775.65086515483426 640 360
167 PINHOLE 1280 720 658.69929488117521 754.22320948581091 640 360
166 PINHOLE 1280 720 640.55699861882783 734.12377270890477 640 360
165 PINHOLE 1280 720 625.04934302293066 722.25932039562099 640 360
164 PINHOLE 1280 720 607.96751919802171 703.48205345132317 640 360
163 PINHOLE 1280 720 612.46259019057425 692.71296613470349 640 360
162 PINHOLE 1280 720 623.9653890671982 696.05951212094612 640 360
161 PINHOLE 1280 720 655.6525374134244 695.8498455550955 640 360
160 PINHOLE 1280 720 670.89046589530165 708.38187017196697 640 360
159 PINHOLE 1280 720 634.40163334632837 677.12456375650413 640 360
158 PINHOLE 1280 720 594.34720955639966 656.4622677182499 640 360
157 PINHOLE 1280 720 561.25732626164529 639.16581813853554 640 360
156 PINHOLE 1280 720 537.68038652051416 618.65161157906027 640 360
155 PINHOLE 1280 720 518.93521319679257 594.19558674626887 640 360
154 PINHOLE 1280 720 498.04145253877715 564.0694141197157 640 360
153 PINHOLE 1280 720 478.32029981765646 540.23789588674754 640 360
152 PINHOLE 1280 720 365.53171316537964 403.39253150687063 640 360
151 PINHOLE 1280 720 362.41582102884314 399.47606002684734 640 360
150 PINHOLE 1280 720 355.22037627977517 388.08833603345067 640 360
149 PINHOLE 1280 720 233.88986686686798 233.25808165461331 640 360
148 PINHOLE 1280 720 234.21439800357643 233.75989004258989 640 360
147 PINHOLE 1280 720 234.0999691421394 234.01046648640732 640 360
146 PINHOLE 1280 720 233.77597797583121 233.31229545113925 640 360
145 PINHOLE 1280 720 233.61070993635781 233.42395167212393 640 360
144 PINHOLE 1280 720 233.93838441540061 233.78963475465332 640 360
143 PINHOLE 1280 720 234.5131827166343 234.47187441588591 640 360
142 PINHOLE 1280 720 234.3228749037151 233.92597982556612 640 360
59 PINHOLE 1280 720 4419.4187442510911 3296.3295580845597 640 360
58 PINHOLE 1280 720 3482.0949417063512 2686.1069766462701 640 360
57 PINHOLE 1280 720 2881.1004907013335 2290.6372933587154 640 360
56 PINHOLE 1280 720 2517.5595690401242 2043.7557718640469 640 360
55 PINHOLE 1280 720 2310.828631306566 1851.1522182742299 640 360
54 PINHOLE 1280 720 2123.8301194784244 1697.367502836225 640 360
53 PINHOLE 1280 720 1981.1609250108361 1562.2869575283733 640 360
52 PINHOLE 1280 720 1770.9942847598752 1456.5127762902598 640 360
51 PINHOLE 1280 720 1690.5723751815285 1392.0431186986123 640 360
50 PINHOLE 1280 720 1615.7748488934105 1282.5491720953721 640 360
49 PINHOLE 1280 720 1512.576072249962 1146.3387186037698 640 360
48 PINHOLE 1280 720 1415.6161283748977 789.57475009474058 640 360
47 PINHOLE 1280 720 1264.0262265701806 909.32627987266062 640 360
46 PINHOLE 1280 720 529.53788301678674 510.13036299955132 640 360
45 PINHOLE 1280 720 538.53025196696046 469.21698506667497 640 360
44 PINHOLE 1280 720 427.98248258097772 412.16982315172822 640 360
43 PINHOLE 1280 720 431.2312212922547 391.54415304569562 640 360
42 PINHOLE 1280 720 388.70196306864079 369.41680415057982 640 360
41 PINHOLE 1280 720 360.16233205423043 378.1232322380377 640 360
40 PINHOLE 1280 720 374.73856613123343 384.31504153291189 640 360
39 PINHOLE 1280 720 383.88883979448906 384.83858735212135 640 360
38 PINHOLE 1280 720 396.27104832305662 387.62305965823668 640 360
37 PINHOLE 1280 720 416.24514418190211 390.4762328101508 640 360
36 PINHOLE 1280 720 437.96824432177277 398.78609773830505 640 360
35 PINHOLE 1280 720 399.48475849650612 392.99724888435674 640 360
34 PINHOLE 1280 720 401.04561391300058 394.87530016932374 640 360
33 PINHOLE 1280 720 410.0307724877951 392.55779971426165 640 360
32 PINHOLE 1280 720 413.02472734214257 405.6265841451563 640 360
31 PINHOLE 1280 720 411.38186053848426 398.38020053772368 640 360
30 PINHOLE 1280 720 418.96991780703502 398.38463267242855 640 360
13 PINHOLE 1280 720 2370.2935391537003 2453.3573519371689 640 360
140 PINHOLE 1280 720 233.26913553561522 232.90777482303142 640 360
12 PINHOLE 1280 720 2468.3105265202953 2565.2285024721614 640 360
139 PINHOLE 1280 720 232.91901534497453 232.22423464487747 640 360
11 PINHOLE 1280 720 1305.5571425136136 1359.3804781160031 640 360
138 PINHOLE 1280 720 233.44329745397408 232.75200359344643 640 360
10 PINHOLE 1280 720 806.97968116797745 750.1875532065618 640 360
137 PINHOLE 1280 720 232.79482925548956 231.25702324534026 640 360
9 PINHOLE 1280 720 1745.423751686543 1467.443696827092 640 360
136 PINHOLE 1280 720 232.98691642304149 232.520083137001 640 360
8 PINHOLE 1280 720 1073.8450842311368 935.172600991889 640 360
135 PINHOLE 1280 720 233.1633342329809 232.65341708650629 640 360
7 PINHOLE 1280 720 827.25810205357777 702.48444088338067 640 360
134 PINHOLE 1280 720 234.57766389005528 233.10809800638341 640 360
6 PINHOLE 1280 720 826.88804149306475 707.22089120143335 640 360
133 PINHOLE 1280 720 232.28820541143924 231.69899941651553 640 360
5 PINHOLE 1280 720 639.55580280676202 551.08478268249291 640 360
132 PINHOLE 1280 720 233.27684695631638 232.91863871008542 640 360
4 PINHOLE 1280 720 521.04179997804715 454.2743798675782 640 360
131 PINHOLE 1280 720 233.14394552105298 232.89785847074009 640 360
3 PINHOLE 1280 720 503.02063310211156 405.99031702285117 640 360
130 PINHOLE 1280 720 233.12879885101469 232.81067296683079 640 360
2 PINHOLE 1280 720 1160.8922783950986 882.80509996295314 640 360
129 PINHOLE 1280 720 232.78314750443434 232.08840461244515 640 360
1 PINHOLE 1280 720 1149.2759386278092 877.06940362785451 640 360
128 PINHOLE 1280 720 233.07606776545467 232.38469756899843 640 360
14 PINHOLE 1280 720 2419.5650590500995 2421.285392690585 640 360
141 PINHOLE 1280 720 233.09655958804353 232.41257388756682 640 360
15 PINHOLE 1280 720 732.67251979853904 633.45945002201677 640 360
16 PINHOLE 1280 720 224.52502845508442 195.87423828150227 640 360
17 PINHOLE 1280 720 434.06192877832677 388.83293355987416 640 360
18 PINHOLE 1280 720 540.30051344451488 424.5663152704069 640 360
19 PINHOLE 1280 720 491.98105311961507 389.74424446819938 640 360
20 PINHOLE 1280 720 468.69997054067932 378.31367451811963 640 360
21 PINHOLE 1280 720 469.85313785229772 376.60120850590187 640 360
22 PINHOLE 1280 720 387.1928996222166 324.9030340712855 640 360
23 PINHOLE 1280 720 387.21138854692663 309.9893579965227 640 360
24 PINHOLE 1280 720 377.17311032628299 299.88349973711837 640 360
25 PINHOLE 1280 720 347.69572223497397 241.70032358359575 640 360
26 PINHOLE 1280 720 330.49685064223331 211.30974952634989 640 360
27 PINHOLE 1280 720 291.51900762281821 166.00580347962716 640 360
28 PINHOLE 1280 720 201.85441530691222 202.27435902139533 640 360
29 PINHOLE 1280 720 445.50041256564197 423.38395857069219 640 360
60 PINHOLE 1280 720 4797.9886487459216 4433.4178131548351 640 360
61 PINHOLE 1280 720 7834.7772455686491 7383.8830895876054 640 360
62 PINHOLE 1280 720 8991.9461345342988 8701.5613077881007 640 360
63 PINHOLE 1280 720 10831.555370506851 10554.761875378968 640 360
70 PINHOLE 1280 720 502.8953644938062 469.01871423833376 640 360
71 PINHOLE 1280 720 1033.6167977295968 949.04669742580234 640 360
72 PINHOLE 1280 720 3617.7314289277256 3688.4867610919146 640 360
77 PINHOLE 1280 720 4516.54261678895 4770.7916948396542 640 360
78 PINHOLE 1280 720 2184.8335255015836 2284.6868748466231 640 360
79 PINHOLE 1280 720 1434.4643955413235 1515.6386770287206 640 360
80 PINHOLE 1280 720 1086.3605086835298 1139.4055723981944 640 360
81 PINHOLE 1280 720 939.11017579183488 965.64279934411866 640 360
82 PINHOLE 1280 720 938.18674804522016 850.15733200956083 640 360
83 PINHOLE 1280 720 781.30349504210517 774.59256276435485 640 360
84 PINHOLE 1280 720 752.36784452710754 713.77270622339108 640 360
85 PINHOLE 1280 720 900.03852423577064 859.57370445483991 640 360
86 PINHOLE 1280 720 1128.881184148788 1038.1520218446947 640 360
87 PINHOLE 1280 720 1402.8265169072536 1386.6136618216319 640 360
88 PINHOLE 1280 720 1856.8537096089417 1898.8953274178966 640 360
89 PINHOLE 1280 720 2821.5968678147779 2861.9336331260174 640 360
90 PINHOLE 1280 720 5268.089618349547 5511.5395828147794 640 360
91 PINHOLE 1280 720 4724.3285283149735 4832.7622775649124 640 360
92 PINHOLE 1280 720 5195.4892980926552 5328.4956533233444 640 360
97 PINHOLE 1280 720 232.76748113638715 232.41139667131665 640 360
98 PINHOLE 1280 720 232.83870521629544 232.32615934260593 640 360
99 PINHOLE 1280 720 233.42396933718734 232.70543219872332 640 360
100 PINHOLE 1280 720 232.97528163267157 231.96172826829394 640 360
101 PINHOLE 1280 720 232.94559652344429 232.45954244521903 640 360
102 PINHOLE 1280 720 232.99496370277583 231.05735122941695 640 360
103 PINHOLE 1280 720 232.97726081120177 232.0942414890151 640 360
104 PINHOLE 1280 720 232.82019656311979 232.34909083588474 640 360
105 PINHOLE 1280 720 232.88815978734289 232.34490640081779 640 360
106 PINHOLE 1280 720 232.91546797640029 231.88774295495725 640 360
107 PINHOLE 1280 720 232.85604748536869 231.73026725110554 640 360
108 PINHOLE 1280 720 232.87271475191145 232.51816437115298 640 360
109 PINHOLE 1280 720 233.26450430117188 233.55064618538694 640 360
110 PINHOLE 1280 720 233.43791180997704 233.58463838934657 640 360
111 PINHOLE 1280 720 233.13052941031972 233.12062248433989 640 360
112 PINHOLE 1280 720 233.07860362653247 232.78819838624429 640 360
113 PINHOLE 1280 720 233.15155907302355 233.38838684619114 640 360
114 PINHOLE 1280 720 232.64039624053845 232.76853679885735 640 360
115 PINHOLE 1280 720 232.91473013744411 233.16649970546064 640 360
116 PINHOLE 1280 720 233.14302561680583 233.23554685943742 640 360
117 PINHOLE 1280 720 233.33971058831051 233.62078179340008 640 360
118 PINHOLE 1280 720 233.65482061858725 233.78215104428116 640 360
119 PINHOLE 1280 720 232.53161667446514 232.52625699158924 640 360
120 PINHOLE 1280 720 233.7479687808401 234.08599708257466 640 360
121 PINHOLE 1280 720 232.98414807203545 232.57748218235182 640 360
122 PINHOLE 1280 720 233.06621443864273 232.63766573578937 640 360
123 PINHOLE 1280 720 232.98209292158072 232.44375403343321 640 360
124 PINHOLE 1280 720 233.24598152679823 232.77520442530459 640 360
125 PINHOLE 1280 720 233.19735869237581 232.58906801751428 640 360
126 PINHOLE 1280 720 233.2644509224441 232.58619871725887 640 360
127 PINHOLE 1280 720 233.46686469379011 232.72856413471013 640 360
