# Camera list with one line of data per camera:
#   CAMERA_ID, MODEL, WIDTH, HEIGHT, PARAMS[]
# Number of cameras: 27
77 PINHOLE 1280 720 705.69615453457357 902.34452998032293 640 360
76 PINHOLE 1280 720 700.13738746303068 881.34256035153078 640 360
69 PINHOLE 1280 720 829.30057639859297 515.60485590535461 640 360
68 PINHOLE 1280 720 820.21397323646477 530.97580373747633 640 360
67 PINHOLE 1280 720 804.95879932715263 539.33719724652576 640 360
66 PINHOLE 1280 720 786.20254627628935 541.06272645696413 640 360
65 PINHOLE 1280 720 767.18384929176545 543.88030425261354 640 360
64 PINHOLE 1280 720 746.14974040503012 545.42197102236128 640 360
50 PINHOLE 1280 720 716.04806064004515 545.47990535766405 640 360
63 PINHOLE 1280 720 725.61456789627277 546.52747075830382 640 360
80 PINHOLE 1280 720 1082.8613843820449 1502.5450598860057 640 360
51 PINHOLE 1280 720 688.62900862381082 543.7028351629524 640 360
81 PINHOLE 1280 720 930.73351329406762 1231.5808991757592 640 360
52 PINHOLE 1280 720 672.12816769588881 542.31078952709458 640 360
82 PINHOLE 1280 720 910.50635721078515 1157.6116951816487 640 360
53 PINHOLE 1280 720 653.91144653229321 543.77078435900398 640 360
83 PINHOLE 1280 720 937.03161573024124 1138.1963409916107 640 360
54 PINHOLE 1280 720 644.40423936413015 542.85957267814285 640 360
84 PINHOLE 1280 720 955.03479078983469 1100.2033882027747 640 360
55 PINHOLE 1280 720 636.63274743631393 541.29315833512317 640 360
57 PINHOLE 1280 720 635.57575710002027 539.431914985106 640 360
58 PINHOLE 1280 720 642.1395328010791 540.78600813869309 640 360
59 PINHOLE 1280 720 651.10548053252705 541.29787530535691 640 360
60 PINHOLE 1280 720 673.14450642393456 556.56004347020985 640 360
61 PINHOLE 1280 720 683.74813138662091 551.12588690429368 640 360
207 PINHOLE 1280 720 2411.201695639144 1954.7283630751162 640 360
62 PINHOLE 1280 720 704.44325985816249 548.721277498939 640 360
