# Camera list with one line of data per camera:
#   CAMERA_ID, MODEL, WIDTH, HEIGHT, PARAMS[]
# Number of cameras: 208
208 PINHOLE 1280 720 929.74680158715489 931.92904459740657 640 360
207 PINHOLE 1280 720 918.15948932548372 917.62528471283213 640 360
206 PINHOLE 1280 720 928.23016721513284 926.54622630158872 640 360
205 PINHOLE 1280 720 925.763091632895 924.99846017700986 640 360
204 PINHOLE 1280 720 374.64102117427956 373.32398018245811 640 360
203 PINHOLE 1280 720 373.61036558323462 371.71242812565316 640 360
202 PINHOLE 1280 720 373.92102860076852 371.52816440791651 640 360
201 PINHOLE 1280 720 373.29877863290307 370.78455473865728 640 360
200 PINHOLE 1280 720 374.16819914098119 371.26021759776768 640 360
199 PINHOLE 1280 720 373.85716449237577 370.5818559891934 640 360
198 PINHOLE 1280 720 370.10793055853765 367.71757987240835 640 360
197 PINHOLE 1280 720 371.4996806998555 366.73509402366261 640 360
196 PINHOLE 1280 720 371.30685388917681 366.52520979298527 640 360
195 PINHOLE 1280 720 371.30685388917681 366.52520979298521 640 360
194 PINHOLE 1280 720 371.30685388917681 366.52520979298521 640 360
193 PINHOLE 1280 720 369.57253399082219 367.02424475879502 640 360
192 PINHOLE 1280 720 370.56343564329842 368.16765523708347 640 360
191 PINHOLE 1280 720 368.97336492945675 367.41199765717556 640 360
190 PINHOLE 1280 720 369.60989104034303 368.42822154022161 640 360
189 PINHOLE 1280 720 369.63767355218698 368.65663770594819 640 360
188 PINHOLE 1280 720 369.44338811369482 368.49319043340142 640 360
187 PINHOLE 1280 720 369.37121053784074 368.4640154319921 640 360
186 PINHOLE 1280 720 369.55462681654399 368.97788507345484 640 360
185 PINHOLE 1280 720 368.27068188822096 367.63337282935163 640 360
184 PINHOLE 1280 720 369.37275041513328 368.9866604981525 640 360
183 PINHOLE 1280 720 369.47827212167277 369.54409432754557 640 360
182 PINHOLE 1280 720 369.06790838547391 369.11163182991089 640 360
181 PINHOLE 1280 720 368.93659213060147 369.20724346647853 640 360
180 PINHOLE 1280 720 369.19639916652852 369.69640086948317 640 360
179 PINHOLE 1280 720 369.39455916040015 369.84407233780166 640 360
178 PINHOLE 1280 720 369.29656011050821 369.50974473808458 640 360
177 PINHOLE 1280 720 369.44820466478103 369.19878966700389 640 360
176 PINHOLE 1280 720 369.30106863208903 369.45121673459545 640 360
175 PINHOLE 1280 720 369.32563214873142 369.43507898934445 640 360
174 PINHOLE 1280 720 369.22009199722629 369.1863423401316 640 360
173 PINHOLE 1280 720 369.22009199722629 369.1863423401316 640 360
172 PINHOLE 1280 720 369.22184728341648 369.1862220509218 640 360
171 PINHOLE 1280 720 369.35426302284139 369.14008954554225 640 360
170 PINHOLE 1280 720 369.88679260082279 370.58960481759163 640 360
169 PINHOLE 1280 720 368.86926028605609 368.56693429858325 640 360
168 PINHOLE 1280 720 369.20789572895274 368.52971376695774 640 360
167 PINHOLE 1280 720 369.60987578954433 368.95036143322221 640 360
166 PINHOLE 1280 720 369.70880770500452 369.44511516685787 640 360
165 PINHOLE 1280 720 369.87366685643877 369.392069272002 640 360
164 PINHOLE 1280 720 369.49243337596818 369.23994767272399 640 360
163 PINHOLE 1280 720 369.78141524970761 369.38320770588774 640 360
162 PINHOLE 1280 720 369.7288342836456 369.39972525388225 640 360
161 PINHOLE 1280 720 369.7771715203001 369.35923146127055 640 360
160 PINHOLE 1280 720 370.12346859957717 369.5149292451286 640 360
159 PINHOLE 1280 720 369.82449738268605 369.69880306642432 640 360
158 PINHOLE 1280 720 369.81803264688182 369.93805885003178 640 360
157 PINHOLE 1280 720 369.95653088306784 370.08100112612084 640 360
156 PINHOLE 1280 720 369.83504075088717 370.3336220113124 640 360
155 PINHOLE 1280 720 370.56249097883727 371.10691650770821 640 360
154 PINHOLE 1280 720 370.45488440944513 371.12889219458259 640 360
153 PINHOLE 1280 720 370.30144159383377 370.80953742966545 640 360
152 PINHOLE 1280 720 370.23218319010982 371.20065885342609 640 360
151 PINHOLE 1280 720 370.55410686567916 371.59527936583191 640 360
150 PINHOLE 1280 720 370.5076208041898 371.85398587386862 640 360
149 PINHOLE 1280 720 369.48274562684827 370.32201135413396 640 360
148 PINHOLE 1280 720 370.4691841636357 371.09095069978559 640 360
147 PINHOLE 1280 720 370.25297753228563 370.3926623717054 640 360
146 PINHOLE 1280 720 369.5842412361352 369.76303262677823 640 360
145 PINHOLE 1280 720 368.19282118713187 368.4446726475781 640 360
144 PINHOLE 1280 720 368.70538597191137 368.49993052326465 640 360
143 PINHOLE 1280 720 368.80764642723074 368.40796438997705 640 360
142 PINHOLE 1280 720 369.17099168147405 369.31786408872472 640 360
141 PINHOLE 1280 720 369.81845337770557 370.58069591998577 640 360
140 PINHOLE 1280 720 370.54833158095795 371.99685043605376 640 360
139 PINHOLE 1280 720 369.31208576501297 369.53855098969888 640 360
138 PINHOLE 1280 720 369.14008595927311 369.56541225143513 640 360
137 PINHOLE 1280 720 368.60938913607367 368.66531953205606 640 360
136 PINHOLE 1280 720 366.52142905626852 365.42685584278746 640 360
135 PINHOLE 1280 720 368.76157705694965 368.55418653076845 640 360
134 PINHOLE 1280 720 369.45896063328036 369.12332820636709 640 360
133 PINHOLE 1280 720 368.91588002937829 369.06585781852112 640 360
132 PINHOLE 1280 720 369.34997499961867 369.72754424188707 640 360
131 PINHOLE 1280 720 369.26182981382925 369.63507040448479 640 360
130 PINHOLE 1280 720 369.35108178167457 369.5952721412192 640 360
129 PINHOLE 1280 720 369.27272030253818 369.34783407493194 640 360
128 PINHOLE 1280 720 368.71335807103088 368.53284870613879 640 360
59 PINHOLE 1280 720 369.03339737913007 368.55418958254643 640 360
58 PINHOLE 1280 720 368.74332759219419 368.35068537850725 640 360
57 PINHOLE 1280 720 369.35593601904162 368.98119624823812 640 360
56 PINHOLE 1280 720 369.77467804874686 370.13090792290154 640 360
55 PINHOLE 1280 720 370.12830554567603 370.34140199297542 640 360
54 PINHOLE 1280 720 369.68378341970725 370.14234630911045 640 360
53 PINHOLE 1280 720 369.5439588323473 370.02752951490811 640 360
52 PINHOLE 1280 720 369.69219103939616 370.12776381921333 640 360
51 PINHOLE 1280 720 369.85380988750535 369.92143925484635 640 360
50 PINHOLE 1280 720 369.89014833295045 370.01420279746861 640 360
49 PINHOLE 1280 720 370.02222278190851 369.91355435433718 640 360
48 PINHOLE 1280 720 369.56714502894437 369.73983428970911 640 360
47 PINHOLE 1280 720 369.50329495566166 369.70340181676005 640 360
46 PINHOLE 1280 720 368.69683398028116 368.82287101837619 640 360
45 PINHOLE 1280 720 368.0938418965294 368.650927697013 640 360
44 PINHOLE 1280 720 368.698559622093 368.95682167968062 640 360
43 PINHOLE 1280 720 369.41167482321532 369.12552910066756 640 360
42 PINHOLE 1280 720 369.7001152922266 368.76222063114079 640 360
41 PINHOLE 1280 720 369.50556043145212 368.87399484925419 640 360
40 PINHOLE 1280 720 370.03837516901689 369.75021750899839 640 360
39 PINHOLE 1280 720 369.83328739498029 369.34834621080125 640 360
38 PINHOLE 1280 720 369.91791707159081 369.34975658716087 640 360
37 PINHOLE 1280 720 370.84165873531617 370.31180100511784 640 360
36 PINHOLE 1280 720 369.86641106515924 369.31677493834098 640 360
35 PINHOLE 1280 720 369.73963414866279 369.17891348448404 640 360
34 PINHOLE 1280 720 369.19136926897977 369.03458071619133 640 360
33 PINHOLE 1280 720 368.89841643057724 368.78534594059556 640 360
32 PINHOLE 1280 720 368.41959570348695 368.36147648201984 640 360
31 PINHOLE 1280 720 368.98041958097355 368.52028761453079 640 360
30 PINHOLE 1280 720 369.27569161517442 368.73135383042467 640 360
13 PINHOLE 1280 720 369.64317441520654 368.70081785281644 640 360
12 PINHOLE 1280 720 369.50741004269059 368.41197718466071 640 360
11 PINHOLE 1280 720 369.61723970308964 368.54683509352026 640 360
10 PINHOLE 1280 720 369.24876581446637 368.06673302465549 640 360
9 PINHOLE 1280 720 369.20191912686937 367.91899962425344 640 360
8 PINHOLE 1280 720 369.24362718479438 367.513992157367 640 360
7 PINHOLE 1280 720 368.48792505529468 367.17197080563608 640 360
6 PINHOLE 1280 720 369.82841377819932 367.79973494208377 640 360
5 PINHOLE 1280 720 370.0888626695704 368.57550814660988 640 360
4 PINHOLE 1280 720 369.58329699435956 369.12804796499103 640 360
3 PINHOLE 1280 720 370.56582642670776 369.5690342872648 640 360
2 PINHOLE 1280 720 370.56608372642648 371.75097201656757 640 360
1 PINHOLE 1280 720 370.56608372642648 371.75097201656757 640 360
14 PINHOLE 1280 720 369.62197923465698 368.36978918333762 640 360
15 PINHOLE 1280 720 370.82738658578722 368.92704898968009 640 360
16 PINHOLE 1280 720 371.34238590447018 369.5808144628578 640 360
17 PINHOLE 1280 720 369.7817820136583 368.93416459730679 640 360
18 PINHOLE 1280 720 371.06141049893046 370.73742823449311 640 360
19 PINHOLE 1280 720 370.21412754797012 370.22153390372569 640 360
20 PINHOLE 1280 720 368.73169122199471 369.57541527351179 640 360
21 PINHOLE 1280 720 367.89364927473429 367.67515697536771 640 360
22 PINHOLE 1280 720 369.47328358206454 369.23580591162386 640 360
23 PINHOLE 1280 720 368.41872357733996 368.80211508307599 640 360
24 PINHOLE 1280 720 369.19716281113904 368.12818635221731 640 360
25 PINHOLE 1280 720 370.38053077534596 368.47981627437827 640 360
26 PINHOLE 1280 720 369.9328963627616 368.85058265946719 640 360
27 PINHOLE 1280 720 370.12367828967979 369.10035830611264 640 360
28 PINHOLE 1280 720 367.91617983659927 367.16445276006391 640 360
29 PINHOLE 1280 720 369.89648334448634 369.17898539995758 640 360
60 PINHOLE 1280 720 369.37034836317724 369.58645065630014 640 360
61 PINHOLE 1280 720 369.99214674431045 370.62474396613891 640 360
62 PINHOLE 1280 720 369.61265331022662 370.42147283561502 640 360
63 PINHOLE 1280 720 369.87732687141067 370.43971443805702 640 360
64 PINHOLE 1280 720 369.83375627540983 370.35256614560797 640 360
65 PINHOLE 1280 720 370.09317434503589 370.4314095383254 640 360
66 PINHOLE 1280 720 370.00335268417621 370.22881116407746 640 360
67 PINHOLE 1280 720 369.9184757226285 370.14260141993253 640 360
68 PINHOLE 1280 720 369.66223782540635 369.94966924758126 640 360
69 PINHOLE 1280 720 369.22808490174566 369.525853576602 640 360
70 PINHOLE 1280 720 369.71432806021534 369.89205022431912 640 360
71 PINHOLE 1280 720 369.22689553603129 369.44413944048637 640 360
72 PINHOLE 1280 720 370.96353694735063 370.88538928018585 640 360
73 PINHOLE 1280 720 370.14173105434554 370.40282857852878 640 360
74 PINHOLE 1280 720 370.53834819156828 370.29620206626868 640 360
75 PINHOLE 1280 720 369.18913063438845 369.39264708068993 640 360
76 PINHOLE 1280 720 368.98405297085685 369.41926266572187 640 360
77 PINHOLE 1280 720 368.90978052780747 369.41427530986022 640 360
78 PINHOLE 1280 720 368.32621229193438 369.14773990583001 640 360
79 PINHOLE 1280 720 369.57721354794694 370.59767488778306 640 360
80 PINHOLE 1280 720 371.0530510717889 372.26937765301449 640 360
81 PINHOLE 1280 720 369.88986237952611 370.27554996720272 640 360
82 PINHOLE 1280 720 370.59418880098718 371.80891410113281 640 360
83 PINHOLE 1280 720 370.19165192611098 371.23735753841572 640 360
84 PINHOLE 1280 720 367.71737966559925 369.0222133771212 640 360
85 PINHOLE 1280 720 370.58969812658609 371.66583548388479 640 360
86 PINHOLE 1280 720 369.91399334362234 370.81509712082959 640 360
87 PINHOLE 1280 720 369.09930525429724 369.93931087177975 640 360
88 PINHOLE 1280 720 368.86035502641232 369.2259348777223 640 360
89 PINHOLE 1280 720 368.1942818159792 367.41105745539966 640 360
90 PINHOLE 1280 720 367.7269942127557 366.95140650477509 640 360
91 PINHOLE 1280 720 366.51466304113302 365.57688269552784 640 360
92 PINHOLE 1280 720 367.01222808561874 366.06098824914926 640 360
93 PINHOLE 1280 720 367.13480351443337 365.79970982654646 640 360
94 PINHOLE 1280 720 368.13717797744437 365.61757041467325 640 360
95 PINHOLE 1280 720 368.04555154900595 364.96751715768937 640 360
96 PINHOLE 1280 720 367.7778273524068 363.44539632387102 640 360
97 PINHOLE 1280 720 368.78273992359436 363.30969215114311 640 360
98 PINHOLE 1280 720 368.22834346868677 363.20274091970879 640 360
99 PINHOLE 1280 720 368.98304094026332 363.57244373723375 640 360
100 PINHOLE 1280 720 368.70976042541361 362.4135456178272 640 360
101 PINHOLE 1280 720 369.39882661080412 362.50999753945138 640 360
102 PINHOLE 1280 720 371.69824637293362 364.55165960997294 640 360
103 PINHOLE 1280 720 369.41696528453286 364.44941657102356 640 360
104 PINHOLE 1280 720 369.28071202685658 366.61177819031479 640 360
105 PINHOLE 1280 720 369.57507551422248 367.55199893246845 640 360
106 PINHOLE 1280 720 368.49318060301147 366.16541403489595 640 360
107 PINHOLE 1280 720 370.15012273295133 366.8640213332373 640 360
108 PINHOLE 1280 720 371.02514684977672 369.06257470675496 640 360
109 PINHOLE 1280 720 370.96502381133513 368.99236623220349 640 360
110 PINHOLE 1280 720 371.48450764502695 371.16230153290883 640 360
111 PINHOLE 1280 720 371.48774195938853 371.26577479960531 640 360
112 PINHOLE 1280 720 370.69434970383173 369.29965133790978 640 360
113 PINHOLE 1280 720 371.23795437517782 369.67187766918659 640 360
114 PINHOLE 1280 720 370.52414248035893 370.2160875875536 640 360
115 PINHOLE 1280 720 370.58931204639322 371.87349392200025 640 360
116 PINHOLE 1280 720 369.87611680887744 370.62536505969558 640 360
117 PINHOLE 1280 720 369.68028607274704 370.14038557739644 640 360
118 PINHOLE 1280 720 370.32279182537513 370.76399899923484 640 360
119 PINHOLE 1280 720 370.03682597188396 370.53649556386159 640 360
120 PINHOLE 1280 720 370.28495495606245 370.45062214665802 640 360
121 PINHOLE 1280 720 369.81411570962194 370.16552443864691 640 360
122 PINHOLE 1280 720 370.47206727087564 370.84815772762147 640 360
123 PINHOLE 1280 720 368.78994750572838 368.12086130289714 640 360
124 PINHOLE 1280 720 372.23814319324867 375.06068623385772 640 360
125 PINHOLE 1280 720 369.81013521147696 370.70811475793056 640 360
126 PINHOLE 1280 720 369.43511987946681 369.77077827068592 640 360
127 PINHOLE 1280 720 369.12432827340177 369.09123028838258 640 360
