REAL-DATA MARKER LENGTH AND REPROJECTION RESULTS
==========================================================================================================================================

Expected marker edge length: 17.00 cm

METHOD / VARIANT RESULTS
------------------------------------------------------------------------------------------------------------------------------------------
Method / variant                                                                             | Status | Anchor | Cams | Moving | Markers | Marker RMSE [cm] | Marker RMSE [%] | Moving RMSE [px] | Cross-camera RMSE [px] | Cross corners
---------------------------------------------------------------------------------------------+--------+--------+------+--------+---------+------------------+-----------------+------------------+------------------------+--------------
AP01__root_cam_edge_3                                                                        | OK     | 20     | 4    | 176    | 18      | 38.6765          | 227.5090        | 1.1237           | 1074.2841              | 92           
AP02__combined_nfev_60__ref_marker_7                                                         | OK     | 20     | 4    | 170    | 16      | 5.1841           | 30.4947         | 1.9935           | 51.1308                | 84           
AP03_MULTI__multi_markers_0-1-2-3-4-5-6-7-8-9-10-11-12-13-14-16-17-18-19-20__single_marker_0 | OK     | 20     | 4    | 176    | 18      | 0.6443           | 3.7899          | 1.0287           | 365.1209               | 92           

AP01__root_cam_edge_3: MARKER RESULTS
------------------------------------------------------------------------------------------------------------------------------------------
Marker | Role         | Estimated length [cm] | Expected length [cm] | Abs error [cm] | Rel error [%] | Moving RMSE [px] | Cross-camera RMSE [px] | Static cams | Cross corners
-------+--------------+-----------------------+----------------------+----------------+---------------+------------------+------------------------+-------------+--------------
0      | validation   | 17.9859               | 17.0000              | 0.9859         | 5.7992        | 1.9565           | 302.5404               | 1           | 4            
1      | validation   | 17.6175               | 17.0000              | 0.6175         | 3.6324        | 1.7788           | 2250.1704              | 1           | 4            
2      | validation   | 17.3784               | 17.0000              | 0.3784         | 2.2258        | 0.4260           | 697.7537               | 2           | 8            
3      | validation   | 181.0575              | 17.0000              | 164.0575       | 965.0444      | 1.5232           | 812.4473               | 1           | 4            
4      | validation   | 17.4826               | 17.0000              | 0.4826         | 2.8386        | 0.3992           | 630.6636               | 1           | 4            
5      | validation   | 17.1248               | 17.0000              | 0.1248         | 0.7342        | 0.5651           | 206.8454               | 2           | 8            
6      | validation   | 17.2462               | 17.0000              | 0.2462         | 1.4481        | 0.5109           | 229.7287               | 2           | 8            
7      | validation   | 17.2142               | 17.0000              | 0.2142         | 1.2601        | 0.4926           | 338.0396               | 3           | 12           
8      | validation   | 17.1342               | 17.0000              | 0.1342         | 0.7895        | 0.7626           | 167.7451               | 2           | 8            
9      | validation   | 18.2894               | 17.0000              | 1.2894         | 7.5845        | 0.3858           | 859.0931               | 1           | 4            
10     | validation   | 18.4164               | 17.0000              | 1.4164         | 8.3320        | 0.5887           | 849.1219               | 1           | 4            
11     | validation   | 18.5965               | 17.0000              | 1.5965         | 9.3913        | 0.4726           | 1612.5740              | 1           | 4            
12     | validation   | 17.1049               | 17.0000              | 0.1049         | 0.6169        | 0.6631           | 3212.4067              | 1           | 4            
13     | validation   | 18.4079               | 17.0000              | 1.4079         | 8.2820        | 0.5564           | 1794.9672              | 1           | 4            
14     | validation   | 17.2064               | 17.0000              | 0.2064         | 1.2141        | 1.5251           | 404.2395               | 2           | 8            
17     | validation   | 17.6311               | 17.0000              | 0.6311         | 3.7124        | 0.4823           | NA                     | 0           | 0            
18     | validation   | 17.3805               | 17.0000              | 0.3805         | 2.2381        | 0.7668           | NA                     | 0           | 0            
19     | validation   | 17.4390               | 17.0000              | 0.4390         | 2.5822        | 0.6668           | 916.3630               | 1           | 4            
20     | scale anchor | 17.0000               | 17.0000              | 0              | 0             | 0.7082           | 0.5073                 | 1           | 4            

AP02__combined_nfev_60__ref_marker_7: MARKER RESULTS
------------------------------------------------------------------------------------------------------------------------------------------
Marker | Role         | Estimated length [cm] | Expected length [cm] | Abs error [cm] | Rel error [%] | Moving RMSE [px] | Cross-camera RMSE [px] | Static cams | Cross corners
-------+--------------+-----------------------+----------------------+----------------+---------------+------------------+------------------------+-------------+--------------
0      | validation   | 16.9548               | 17.0000              | 0.0452         | 0.2657        | 1.9779           | 195.1241               | 1           | 4            
1      | validation   | 18.0158               | 17.0000              | 1.0158         | 5.9753        | 1.5576           | 6.2631                 | 1           | 4            
2      | validation   | 18.8870               | 17.0000              | 1.8870         | 11.0999       | 1.9704           | 5.3613                 | 2           | 8            
3      | validation   | 18.5070               | 17.0000              | 1.5070         | 8.8649        | 1.4472           | 2.0887                 | 1           | 4            
4      | validation   | 18.4076               | 17.0000              | 1.4076         | 8.2798        | 1.0888           | 2.8873                 | 1           | 4            
5      | validation   | 21.4594               | 17.0000              | 4.4594         | 26.2315       | 2.3016           | 8.0223                 | 2           | 8            
6      | validation   | 18.5974               | 17.0000              | 1.5974         | 9.3966        | 2.6442           | 3.1398                 | 2           | 8            
7      | validation   | 17.8676               | 17.0000              | 0.8676         | 5.1037        | 2.1328           | 9.1145                 | 3           | 12           
8      | validation   | 20.6144               | 17.0000              | 3.6144         | 21.2612       | 3.0672           | 3.9830                 | 2           | 8            
9      | validation   | 30.5886               | 17.0000              | 13.5886        | 79.9328       | 2.9012           | 22.0889                | 1           | 4            
10     | validation   | 29.8336               | 17.0000              | 12.8336        | 75.4919       | 2.9528           | 62.6550                | 1           | 4            
14     | validation   | 18.4485               | 17.0000              | 1.4485         | 8.5207        | 1.7632           | 5.8961                 | 2           | 8            
16     | validation   | 18.8463               | 17.0000              | 1.8463         | 10.8607       | 2.1470           | 108.6506               | 1           | 4            
17     | validation   | 22.0862               | 17.0000              | 5.0862         | 29.9189       | 2.1207           | NA                     | 0           | 0            
18     | validation   | 18.3171               | 17.0000              | 1.3171         | 7.7474        | 1.2311           | NA                     | 0           | 0            
19     | validation   | 18.5598               | 17.0000              | 1.5598         | 9.1752        | 1.4845           | 1.1312                 | 1           | 4            
20     | scale anchor | 17.0000               | 17.0000              | 0              | 0             | 2.5109           | 3.4748                 | 1           | 4            

AP03_MULTI__multi_markers_0-1-2-3-4-5-6-7-8-9-10-11-12-13-14-16-17-18-19-20__single_marker_0: MARKER RESULTS
------------------------------------------------------------------------------------------------------------------------------------------
Marker | Role         | Estimated length [cm] | Expected length [cm] | Abs error [cm] | Rel error [%] | Moving RMSE [px] | Cross-camera RMSE [px] | Static cams | Cross corners
-------+--------------+-----------------------+----------------------+----------------+---------------+------------------+------------------------+-------------+--------------
0      | validation   | 17.7859               | 17.0000              | 0.7859         | 4.6232        | 1.8347           | 1.2106                 | 1           | 4            
1      | validation   | 17.5438               | 17.0000              | 0.5438         | 3.1987        | 1.4513           | 1.6366                 | 1           | 4            
2      | validation   | 17.2511               | 17.0000              | 0.2511         | 1.4772        | 0.4527           | 1.2264                 | 2           | 8            
3      | validation   | 17.3691               | 17.0000              | 0.3691         | 2.1713        | 0.9089           | 0.5457                 | 1           | 4            
4      | validation   | 17.5051               | 17.0000              | 0.5051         | 2.9714        | 0.3789           | 1.9067                 | 1           | 4            
5      | validation   | 17.1222               | 17.0000              | 0.1222         | 0.7185        | 0.5455           | 0.5355                 | 2           | 8            
6      | validation   | 17.2700               | 17.0000              | 0.2700         | 1.5885        | 0.5213           | 0.5730                 | 2           | 8            
7      | validation   | 17.2383               | 17.0000              | 0.2383         | 1.4017        | 0.5029           | 0.9743                 | 3           | 12           
8      | validation   | 17.1259               | 17.0000              | 0.1259         | 0.7408        | 0.7838           | 0.6596                 | 2           | 8            
9      | validation   | 17.9662               | 17.0000              | 0.9662         | 5.6836        | 0.3860           | 0.4753                 | 1           | 4            
10     | validation   | 18.1058               | 17.0000              | 1.1058         | 6.5045        | 0.5873           | 0.6356                 | 1           | 4            
11     | validation   | 18.2761               | 17.0000              | 1.2761         | 7.5066        | 0.4588           | 0.4124                 | 1           | 4            
12     | validation   | 17.1002               | 17.0000              | 0.1002         | 0.5894        | 0.6943           | 1751.0532              | 1           | 4            
13     | validation   | 18.0926               | 17.0000              | 1.0926         | 6.4273        | 0.5711           | 0.7533                 | 1           | 4            
14     | validation   | 17.4821               | 17.0000              | 0.4821         | 2.8362        | 1.2772           | 0.5672                 | 2           | 8            
17     | validation   | 17.6157               | 17.0000              | 0.6157         | 3.6215        | 0.4678           | NA                     | 0           | 0            
18     | validation   | 17.3818               | 17.0000              | 0.3818         | 2.2456        | 0.6530           | NA                     | 0           | 0            
19     | validation   | 17.4446               | 17.0000              | 0.4446         | 2.6154        | 0.6280           | 0.7352                 | 1           | 4            
20     | scale anchor | 17.0000               | 17.0000              | 0              | 0             | 0.7516           | 0.7220                 | 1           | 4            
