# Camera list with one line of data per camera:
#   CAMERA_ID, MODEL, WIDTH, HEIGHT, PARAMS[]
# Number of cameras: 208
208 PINHOLE 1280 720 934.97548769011769 926.57296151004596 640 360
207 PINHOLE 1280 720 919.09479103343881 917.79054916199209 640 360
206 PINHOLE 1280 720 932.35988859306508 930.05550348932354 640 360
205 PINHOLE 1280 720 932.60215761713459 930.50055399136772 640 360
204 PINHOLE 1280 720 926.58157481820888 911.77540531264344 640 360
203 PINHOLE 1280 720 927.8728272602699 912.38071502728542 640 360
202 PINHOLE 1280 720 929.55377392595256 914.48581972456645 640 360
201 PINHOLE 1280 720 929.06202718613463 914.0564062632094 640 360
200 PINHOLE 1280 720 926.82871437671417 912.45662793820259 640 360
199 PINHOLE 1280 720 926.62243401118303 912.31516008098868 640 360
198 PINHOLE 1280 720 931.0708054803622 916.6666375345543 640 360
197 PINHOLE 1280 720 934.93906303037022 921.29155650073062 640 360
196 PINHOLE 1280 720 934.89867570832655 922.25015428619372 640 360
195 PINHOLE 1280 720 932.41178811071427 922.09322188614453 640 360
194 PINHOLE 1280 720 932.6746701756025 923.78058844703753 640 360
193 PINHOLE 1280 720 931.76596869550849 921.53346390010881 640 360
192 PINHOLE 1280 720 937.18094048318858 925.88211672211696 640 360
191 PINHOLE 1280 720 933.02012371296541 923.09820656024499 640 360
190 PINHOLE 1280 720 932.30498129229318 924.04145667438502 640 360
189 PINHOLE 1280 720 930.23460576351283 923.43306825376067 640 360
188 PINHOLE 1280 720 928.0505602263994 920.98198533258847 640 360
187 PINHOLE 1280 720 928.8061703684757 924.68729873546795 640 360
186 PINHOLE 1280 720 928.02976297156044 925.58978357547903 640 360
185 PINHOLE 1280 720 927.44186564045003 926.18187343438751 640 360
184 PINHOLE 1280 720 927.30210086004934 927.23908490121278 640 360
183 PINHOLE 1280 720 927.98481572358617 928.88128786826383 640 360
182 PINHOLE 1280 720 925.59141877350282 925.57931680551098 640 360
181 PINHOLE 1280 720 931.4723891216222 931.77294128090591 640 360
180 PINHOLE 1280 720 928.43485221977471 929.25465815597374 640 360
179 PINHOLE 1280 720 926.57175291301314 929.01386566038832 640 360
178 PINHOLE 1280 720 926.59465066249732 928.59507583947675 640 360
177 PINHOLE 1280 720 930.55300376315711 933.17301249609466 640 360
176 PINHOLE 1280 720 930.11774798866281 932.72017473738913 640 360
175 PINHOLE 1280 720 930.7071305947868 931.88626648432898 640 360
174 PINHOLE 1280 720 930.87897714764324 932.18687965611809 640 360
173 PINHOLE 1280 720 929.53839100783205 930.80385415908938 640 360
172 PINHOLE 1280 720 929.96120942361028 931.97237830312577 640 360
171 PINHOLE 1280 720 930.95472023991852 932.5185376495325 640 360
170 PINHOLE 1280 720 932.10026259294784 933.81716725310821 640 360
169 PINHOLE 1280 720 932.66349963966422 932.81875755353838 640 360
168 PINHOLE 1280 720 931.05544127252756 930.50327720575774 640 360
167 PINHOLE 1280 720 931.92571060939702 931.95519191431822 640 360
166 PINHOLE 1280 720 931.03222304334474 930.83387653951013 640 360
165 PINHOLE 1280 720 930.14164246016207 929.82023997914689 640 360
164 PINHOLE 1280 720 929.69943943060912 928.99624895339878 640 360
163 PINHOLE 1280 720 931.71702419732821 931.16347036961997 640 360
162 PINHOLE 1280 720 930.95135859487186 930.33953448644945 640 360
161 PINHOLE 1280 720 930.69956406428719 929.75579955734293 640 360
160 PINHOLE 1280 720 929.60302517167793 928.44174297984989 640 360
159 PINHOLE 1280 720 928.73323471848698 927.59230169034515 640 360
158 PINHOLE 1280 720 929.46772445279043 928.16003697147528 640 360
157 PINHOLE 1280 720 931.36168249052184 929.85980051622664 640 360
156 PINHOLE 1280 720 930.2407733786979 928.58047000448676 640 360
155 PINHOLE 1280 720 931.64448714996558 930.23373111906972 640 360
154 PINHOLE 1280 720 931.45158285213927 928.8914853557792 640 360
153 PINHOLE 1280 720 931.36050660753392 930.98199689421938 640 360
152 PINHOLE 1280 720 931.3922704879127 930.21653042654771 640 360
151 PINHOLE 1280 720 932.8367704677654 932.08977371202275 640 360
150 PINHOLE 1280 720 933.14309421503867 931.95400049542604 640 360
149 PINHOLE 1280 720 932.33638012410006 931.32048887174722 640 360
148 PINHOLE 1280 720 931.75882235142228 930.45077365532325 640 360
147 PINHOLE 1280 720 933.01157042176737 932.67931933007105 640 360
146 PINHOLE 1280 720 933.07215416284578 932.23316679270931 640 360
145 PINHOLE 1280 720 933.06127314107891 931.92506086306923 640 360
144 PINHOLE 1280 720 933.85776304836111 931.20053793304578 640 360
143 PINHOLE 1280 720 934.29338503660495 931.08969584241765 640 360
142 PINHOLE 1280 720 934.10974128220676 932.34482628167609 640 360
141 PINHOLE 1280 720 933.95539513347956 932.10340047934938 640 360
140 PINHOLE 1280 720 936.90554846509212 933.80965594229872 640 360
139 PINHOLE 1280 720 934.98391712170644 933.32899318461921 640 360
138 PINHOLE 1280 720 935.31721445602454 932.91005879686713 640 360
137 PINHOLE 1280 720 935.81774502339522 934.45859593548198 640 360
136 PINHOLE 1280 720 936.17654549811755 932.93528333548375 640 360
135 PINHOLE 1280 720 936.69387079376963 932.57068011860997 640 360
134 PINHOLE 1280 720 939.22583712370238 927.19163300319065 640 360
133 PINHOLE 1280 720 939.07951578828829 934.76147309188173 640 360
132 PINHOLE 1280 720 938.40959993077672 933.07300044061992 640 360
131 PINHOLE 1280 720 937.09218857188739 933.16251054766576 640 360
130 PINHOLE 1280 720 937.39858107774342 933.17589173963324 640 360
129 PINHOLE 1280 720 934.79478246709402 931.82567326770459 640 360
128 PINHOLE 1280 720 936.9225711334368 934.05314816687167 640 360
59 PINHOLE 1280 720 929.88638494573001 930.04162910426385 640 360
58 PINHOLE 1280 720 929.16442438432068 930.32114672781563 640 360
57 PINHOLE 1280 720 929.71340823282571 929.99097617177529 640 360
56 PINHOLE 1280 720 933.91608683921299 936.2966122795076 640 360
55 PINHOLE 1280 720 931.93584795758466 934.19266682825537 640 360
54 PINHOLE 1280 720 930.17135629515883 930.44283249799344 640 360
53 PINHOLE 1280 720 930.60648847759921 931.56306239416733 640 360
52 PINHOLE 1280 720 930.52070376012819 930.20119591541481 640 360
51 PINHOLE 1280 720 930.11854749463009 928.75552029532139 640 360
50 PINHOLE 1280 720 929.22062522453268 928.51548851845871 640 360
49 PINHOLE 1280 720 929.48576186430819 928.11817723707225 640 360
48 PINHOLE 1280 720 930.33609976237301 928.05201389251147 640 360
47 PINHOLE 1280 720 928.34583367837297 927.40134905094067 640 360
46 PINHOLE 1280 720 931.38108708172433 929.47233145796383 640 360
45 PINHOLE 1280 720 925.5435996346265 923.79673405031861 640 360
44 PINHOLE 1280 720 929.9842579109245 929.04075246695368 640 360
43 PINHOLE 1280 720 925.05455263170029 923.43289295108309 640 360
42 PINHOLE 1280 720 925.89631231921817 924.22302222583357 640 360
41 PINHOLE 1280 720 925.95656232420197 923.51694121269668 640 360
40 PINHOLE 1280 720 925.9399171047213 923.16945895180606 640 360
39 PINHOLE 1280 720 927.73771266088113 925.20000612277636 640 360
38 PINHOLE 1280 720 926.1355675301196 925.28289782942295 640 360
37 PINHOLE 1280 720 928.65924487348252 925.22687573852454 640 360
36 PINHOLE 1280 720 927.91791608099015 925.13993620548945 640 360
35 PINHOLE 1280 720 926.945325596771 926.2264552609272 640 360
34 PINHOLE 1280 720 926.35107728454591 921.71753184198701 640 360
33 PINHOLE 1280 720 926.91150350975636 922.93457132179367 640 360
32 PINHOLE 1280 720 923.57053544480357 921.00084815598063 640 360
31 PINHOLE 1280 720 922.47992881050538 922.78317398220383 640 360
30 PINHOLE 1280 720 923.20997946610805 917.94562468985055 640 360
13 PINHOLE 1280 720 930.30724236708988 928.62347512012309 640 360
12 PINHOLE 1280 720 931.54049135543573 930.61776704431941 640 360
11 PINHOLE 1280 720 928.74338381854534 927.46878844577748 640 360
10 PINHOLE 1280 720 927.96090980790018 927.54005325513856 640 360
9 PINHOLE 1280 720 927.8947415288294 926.55774744333792 640 360
8 PINHOLE 1280 720 928.2041185547115 926.90494008114615 640 360
7 PINHOLE 1280 720 928.66522850098886 927.1242057570895 640 360
6 PINHOLE 1280 720 928.61030985339619 926.76869533928232 640 360
5 PINHOLE 1280 720 928.36853902003975 926.48205896412458 640 360
4 PINHOLE 1280 720 928.68713074225536 926.91486200865529 640 360
3 PINHOLE 1280 720 928.36280814827626 926.58924820358084 640 360
2 PINHOLE 1280 720 926.75579962934285 910.76729835377012 640 360
1 PINHOLE 1280 720 926.43013561853229 911.48165948869246 640 360
14 PINHOLE 1280 720 930.40685620392128 929.01488239526532 640 360
15 PINHOLE 1280 720 929.62002833695215 927.62416458151154 640 360
16 PINHOLE 1280 720 931.48767874601185 928.91780007354737 640 360
17 PINHOLE 1280 720 937.57813078152719 932.93931470965856 640 360
18 PINHOLE 1280 720 929.33523029935623 927.92376360252558 640 360
19 PINHOLE 1280 720 927.66051365790838 925.61012675654763 640 360
20 PINHOLE 1280 720 921.98210178542945 917.93872974799649 640 360
21 PINHOLE 1280 720 922.38008917519403 911.67060612006617 640 360
22 PINHOLE 1280 720 942.78818911560177 939.98283809454279 640 360
23 PINHOLE 1280 720 965.25636184335622 1035.8641775302149 640 360
24 PINHOLE 1280 720 926.86453665139948 925.74594881198743 640 360
25 PINHOLE 1280 720 913.06479189825689 906.86295185942447 640 360
26 PINHOLE 1280 720 913.1786977160906 909.61430643745894 640 360
27 PINHOLE 1280 720 911.19821320403605 908.44203022526915 640 360
28 PINHOLE 1280 720 918.17920618399614 912.94134450813942 640 360
29 PINHOLE 1280 720 921.27556582865338 917.34563026870308 640 360
60 PINHOLE 1280 720 929.8434058403318 929.37583148149952 640 360
61 PINHOLE 1280 720 930.23189584249042 930.0909059379685 640 360
62 PINHOLE 1280 720 929.55708159665312 929.95097763636818 640 360
63 PINHOLE 1280 720 929.92363199751094 930.04632014573167 640 360
64 PINHOLE 1280 720 929.6396572056193 929.30359524338667 640 360
65 PINHOLE 1280 720 929.04905662097065 929.08354892637567 640 360
66 PINHOLE 1280 720 928.63159391854128 929.89470796934938 640 360
67 PINHOLE 1280 720 928.72869476716846 929.92173229207822 640 360
68 PINHOLE 1280 720 929.86656856291097 931.0477018446569 640 360
69 PINHOLE 1280 720 921.88118009495031 921.40504376689773 640 360
70 PINHOLE 1280 720 932.65255331326193 928.96727935267506 640 360
71 PINHOLE 1280 720 927.92782309860252 927.32710905347278 640 360
72 PINHOLE 1280 720 933.26519982771072 934.44291151341542 640 360
73 PINHOLE 1280 720 929.40024829740719 930.24225913555506 640 360
74 PINHOLE 1280 720 928.8895199657494 930.04051302327446 640 360
75 PINHOLE 1280 720 929.50130373354909 930.17797092216563 640 360
76 PINHOLE 1280 720 926.29842969077549 926.62047918022608 640 360
77 PINHOLE 1280 720 928.19562844754012 928.24906839783569 640 360
78 PINHOLE 1280 720 929.67348695854378 930.17662140933055 640 360
79 PINHOLE 1280 720 929.59199933361663 930.02483487469021 640 360
80 PINHOLE 1280 720 930.55905800884125 930.08294355453722 640 360
81 PINHOLE 1280 720 929.75678761510972 929.90125957003329 640 360
82 PINHOLE 1280 720 927.80081117230861 927.41429312075081 640 360
83 PINHOLE 1280 720 927.45461411635279 927.73190832514194 640 360
84 PINHOLE 1280 720 932.9857268485639 933.37543626801744 640 360
85 PINHOLE 1280 720 931.49363726051354 930.38275773327507 640 360
86 PINHOLE 1280 720 928.77602135167626 927.22880498354778 640 360
87 PINHOLE 1280 720 926.72064594897427 923.61289298749966 640 360
88 PINHOLE 1280 720 929.44586525579814 926.58674021474167 640 360
89 PINHOLE 1280 720 930.65164464481416 924.67855328667542 640 360
90 PINHOLE 1280 720 932.02323300979253 924.15456689911105 640 360
91 PINHOLE 1280 720 931.13796257581214 923.38301180463202 640 360
92 PINHOLE 1280 720 931.82401150727082 923.39231145873703 640 360
93 PINHOLE 1280 720 931.11294270394001 921.16405310358857 640 360
94 PINHOLE 1280 720 928.30325998438195 919.23838223959206 640 360
95 PINHOLE 1280 720 930.4885871215215 921.42512148750075 640 360
96 PINHOLE 1280 720 931.9548142441754 919.70795458183864 640 360
97 PINHOLE 1280 720 930.42277705869321 916.12008759667106 640 360
98 PINHOLE 1280 720 931.07197353342724 918.58775329430296 640 360
99 PINHOLE 1280 720 935.83222648011167 922.15805154127031 640 360
100 PINHOLE 1280 720 933.23524153358414 924.24499454651516 640 360
101 PINHOLE 1280 720 932.40770639015318 926.79963518081411 640 360
102 PINHOLE 1280 720 934.80938345111895 929.13078542550011 640 360
103 PINHOLE 1280 720 933.37610073607209 928.15959609394167 640 360
104 PINHOLE 1280 720 929.85978262808169 924.96300581679316 640 360
105 PINHOLE 1280 720 929.33128565381833 923.09849033956823 640 360
106 PINHOLE 1280 720 922.6995638434073 917.64339994546413 640 360
107 PINHOLE 1280 720 923.1422733672722 916.72927160771803 640 360
108 PINHOLE 1280 720 936.0314564258241 930.63249767724517 640 360
109 PINHOLE 1280 720 929.90391434304252 922.29006588352092 640 360
110 PINHOLE 1280 720 930.4487083155077 922.53026177676736 640 360
111 PINHOLE 1280 720 939.04636756197988 930.30026730299221 640 360
112 PINHOLE 1280 720 935.21421866849039 928.53077285833444 640 360
113 PINHOLE 1280 720 940.15397144534268 933.97531461339508 640 360
114 PINHOLE 1280 720 937.31535717472616 934.28709962553796 640 360
115 PINHOLE 1280 720 931.61282003414465 928.73777534635894 640 360
116 PINHOLE 1280 720 931.94638731395719 929.10927438892804 640 360
117 PINHOLE 1280 720 932.8535808494687 930.05514335282453 640 360
118 PINHOLE 1280 720 930.78973750730108 927.90120838505391 640 360
119 PINHOLE 1280 720 933.27223306383246 931.86159416439932 640 360
120 PINHOLE 1280 720 934.10748347450283 932.99657021499468 640 360
121 PINHOLE 1280 720 935.82766268409682 935.03645627257868 640 360
122 PINHOLE 1280 720 935.58275827058958 934.10527700416367 640 360
123 PINHOLE 1280 720 935.25266575675334 933.75263661266365 640 360
124 PINHOLE 1280 720 934.70574834150341 933.11436440452883 640 360
125 PINHOLE 1280 720 935.01553154710268 933.29595303505585 640 360
126 PINHOLE 1280 720 935.73582211522751 933.66507636868562 640 360
127 PINHOLE 1280 720 936.22820253889279 932.52194038094717 640 360
