# 3D point list with one line of data per point:
#   POINT3D_ID, X, Y, Z, R, G, B, ERROR, TRACK[] as (IMAGE_ID, POINT2D_IDX)
# Number of points: 492, mean track length: 6.4512195121951219
1179 -16.18847391192854 4.3381944438985895 20.083364585120783 0 0 0 1.1168559882490336 200 256 201 245 202 238 199 211
70 -3.3409182509436808 -0.96509668279459027 10.887078350774786 231 231 231 1.1876854131685444 191 215 194 196 196 175 195 180
1178 9.123785612096734 -1.1988161738027203 20.159640792711919 80 80 80 1.1400217952840168 206 223 208 179
1172 1.0176824523548245 -0.56504317340360555 11.832985643564751 175 176 178 0.30889680038666467 207 43 208 45
63 3.924180310432031 0.22827292874965663 14.46791639559428 149 149 149 1.154748726940062 197 184 200 236 198 188 199 193 202 217 201 225 203 234 204 209 209 236 205 209 206 229 207 184 208 172
1171 1.5013693799211141 -0.65267117969270938 11.885508245303647 113 113 113 1.8368500281601043 209 139 207 110 208 109
1167 4.3484035956751921 1.260078694499158 14.61616860709384 9 9 9 0.76242125798564742 209 119 207 99 208 125
1143 8.7301492566226049 -1.3043017446121825 20.907839338500025 62 62 62 0.50885509743629298 206 6 207 11 208 26
34 0.98840533483667026 -1.1393290240016796 11.775604945155102 165 165 165 0.73179537723382571 191 80 194 57 195 51 192 79 197 83 198 90 199 85 202 112
1129 -5.9433118917930772 0.98855490512233768 14.418303552775015 231 231 231 0.67894779276509709 209 214 206 241 207 204
1126 -6.1333610391203166 1.2175264668294057 13.275897908281568 231 231 231 0.89430549168256457 204 222 206 230 203 247 207 192
1109 8.3892906759986179 -1.2638391752073057 19.525147721204068 31 31 31 0.95551896503457578 209 110 206 103 207 88 208 80
1082 4.5634755425621565 1.4663652163343128 14.512048350215768 73 73 73 0.85030478432287426 204 254 209 271 205 251 206 264 207 216 208 206
1078 3.6817575749009293 -1.4638332305352766 13.852200579574781 57 57 57 0.19858890760152761 201 239 203 253 204 231 209 254 205 236
1071 -5.7372976206681194 0.70990306974874884 13.709453024043508 231 231 231 1.300581242133581 209 234 205 177 206 239
1069 3.2555722685131836 -1.0468480495219767 14.49266929363203 46 53 69 0.76808194302331834 204 140 209 172 205 168 206 178 207 138
1068 3.0719165454371007 -1.032223865988634 13.669408036066582 9 20 46 0.4028053762385474 204 167 209 169 205 166 206 174 207 136
1067 1.6776514777611926 -0.89293730557758599 11.554006547981597 136 136 136 1.1503788261986658 203 176 205 160 206 169 207 130
1066 4.5010561449765287 1.2253690169120359 14.882211051522823 19 19 19 0.32959946287681352 204 127 209 157 205 151 203 93
1065 1.38090599485494 -0.36840540650442771 12.125014077627664 62 66 76 0.46108874541083483 209 153 205 147 206 155 208 117
1064 2.2154788733009108 -0.45334317844408967 12.300986959813901 56 62 65 1.4608630599110441 209 151 205 145 206 152 207 150 208 136
1063 1.3870131393434344 -0.43242512997043675 12.048145817651669 69 73 84 0.27960059572308987 209 149 205 142 206 151 207 120 208 133
1062 2.2220478466127962 -0.5289371653319912 12.237594849287909 53 57 62 1.1340037646010379 209 147 205 141 206 184 207 148 208 131
1061 1.4880824102744121 -0.56470731178514 11.76922658439452 114 114 116 0.50554319297110517 209 107 205 138 206 99 207 86 208 76
1058 1.1291581194241971 -0.7243474976486135 12.283075516832969 147 147 147 1.5677984754813521 195 111 203 155 205 127 166 36 159 65 161 56
1046 -4.1970713194801847 0.82784560380343697 13.076876137870379 72 76 87 0.45992937213583951 198 83 199 109 201 90 202 104 203 90 204 124 209 117 205 102 206 113
1045 -3.5360363189987205 0.28897284755701064 12.387304065369793 218 218 218 0.60436702647319995 204 121 209 155 205 100 206 189 207 153
1042 3.8848302634211094 1.462543367618804 13.406670150235524 39 38 38 0.52933805234721754 204 83 209 122 205 71 206 120 207 103
1030 -4.4448467672230816 0.34856529888024568 12.974999412159455 230 230 230 1.0157452998599699 200 17 201 30 205 6 206 10 207 15
1029 0.39580884799731958 -0.041639450811975107 12.171156025438652 95 96 99 0.65609954588742814 201 29 205 5
937 -0.12848808382456026 0.00086621488251981127 3.5245215495382776 0 0 0 0.31469524365231544 194 84 196 74
919 1.690290717292779 -0.35939026103838212 12.644464605864297 118 123 135 0.78017233355050686 194 107 159 91
917 0.52682169796196865 -0.07527607640279721 12.204701323015588 129 131 136 0.32837858806165199 193 54 159 52
908 0.60254646747760454 -0.074049647545313235 12.082175000784197 119 121 127 1.0360124886384177 191 26 194 40 196 34 193 55 195 67 192 32 198 45 200 64 199 46 202 100 201 57 203 85 204 72 188 46 195 33 209 39 159 27 161 23 205 61 206 78 207 67 208 66 187 37
907 -0.85194000924918767 -1.0370627376614405 11.607861681300786 158 158 158 1.217253387118155 191 34 194 56 196 46 193 67 195 50 192 78 197 53 198 61 209 56 189 67 201 68 203 67 202 78 200 85 205 52
897 8.7032238024544739 -1.6641420279977466 20.483528232471492 7 7 7 1.2800833513910632 195 147 197 159 199 159 198 156 200 225 202 205 205 193 209 226 201 211
895 -0.85398892754514588 -0.9945348911424351 11.667975626112295 200 200 200 1.2287084440120095 193 68 194 58 196 48 195 52 192 80 197 54 198 63 200 87 199 59 204 62 209 59 189 68 201 70 203 70 188 54 205 53
822 0.19029271072496456 0.0047388466802366028 11.862321347658266 109 110 117 0.24958496334000527 188 74 188 47 187 64
818 -3.5341579000320671 0.77912269858182026 11.05206077847232 157 159 165 1.0591681267754638 194 79 196 37
817 0.24409763545411434 -0.035606705839877587 11.865865363432983 92 94 99 1.3048493823364458 188 23 189 9 191 28 159 31 161 6 187 39
815 0.24666548286363699 -0.028336452384060268 12.48375455624215 0 0 0 1.2995117066185062 203 86 202 70 204 32 195 15 191 15
796 -8.5904656002195505 2.0694651147165608 9.8970359622016169 109 115 131 0.07681160836873821 189 276 188 244
793 -9.5275107413473545 2.980912846944427 9.5341014642113961 0 0 0 0.98400160407161241 189 238 188 227
791 -7.257277429718834 1.3975900003527633 10.19529409881347 96 101 116 1.133575605223555 189 232 188 218 187 176
788 1.8277147989605325 -0.53220378533277402 12.444796675856752 132 134 140 0.10228351636967098 189 248 188 210
784 12.302686115856 2.3304258424081121 19.892211606552838 0 0 0 1.9509702871756107 191 211 193 229
781 -7.1452269257878456 1.4968443412114139 10.213167334399413 135 138 148 1.2400098018468011 189 214 188 197 187 180
778 -9.2750136218700288 2.8548550462653126 9.5132312950419387 139 139 139 1.4836735252590463 189 203 188 189
777 -9.6553211774604328 2.8945487095676059 9.5244331840412926 83 83 83 0.74870029074369115 189 220 188 188 187 148
776 -9.4913556203595313 2.6470755562261168 9.5998802630336169 83 83 83 0.9468638693997925 189 199 188 186 187 185
769 -2.8118252606629435 0.62710129587771124 10.149787640652054 77 81 93 1.1335365393023371 196 202 195 177 192 221 193 207 192 189
768 1.7933366283041057 -0.27271747294818011 12.407896074112394 142 146 157 0.75900953149308137 189 168 188 157 187 117
766 2.3519876082751203 -1.2596584147270287 12.876106478266623 185 185 185 1.198625884509932 189 157 188 145
764 1.7617150281874943 -0.35500406210442592 12.373117383001397 136 139 149 0.68053330574155124 189 141 188 127 187 115
763 1.6400413069752164 -0.70876031013723151 12.258796046354242 97 97 97 1.4437967694047245 189 134 188 120 187 108
762 -2.8769057167008971 0.80814934507785174 12.133092810635642 0 0 0 0.82127528309974829 189 144 191 126 192 157 193 138
761 1.6519558716477243 -0.77901624883528953 12.250476761890177 95 95 95 1.3249156093365591 189 132 188 91 187 83
760 -2.7985820912502453 -1.0036632643713816 11.0388691893322 161 161 161 1.1577691077660968 193 84 194 121 188 81
737 -5.6447164232423255 0.036982302873391201 11.554725961315008 78 84 95 0.15910393519080565 191 264 189 267
736 -5.6447164232423255 0.036982302873391201 11.554725961315008 78 84 95 0.15910393519080565 191 263 189 266
725 5.7795933133785837 -0.97738705170576812 13.808853850160197 61 61 61 1.806386990892298 193 234 189 247 188 236
707 5.9087174225426802 -1.8373529339650641 13.739458149222788 57 57 57 1.5192731000846178 193 190 194 180 191 177 189 175
702 0.39970029494479109 -0.48168065007681943 12.186687377568887 98 103 118 1.2863027553116873 191 149 193 166 197 179 189 165 159 137 161 99 166 115
701 1.7181583199491488 -0.94646309897145797 12.007158220417537 126 126 127 0.19483768696287571 191 141 189 162 193 154
696 -4.6058392851593064 0.67991303896453148 11.971950976714508 231 231 231 0.06472744096792396 191 97 189 143
690 2.6579574929846417 0.37031869446071258 12.919771104349145 69 75 85 0.96789678112183319 191 125 188 106 193 174 189 118
686 0.91583631383474506 -0.54165203328261724 11.819418806738121 207 207 209 0.43476584657874384 191 88 202 124 189 107 204 104 209 145 205 137 207 117 208 112
684 -3.5069539672365466 0.63805998268198549 11.94249650123268 71 75 87 0.15357523721460126 191 74 189 88
678 0.55763874203771324 -0.41862915257688277 11.948030538695834 116 119 130 0.24684814867262264 192 52 189 56 187 18
677 0.92484408607364099 -0.59734429951988088 11.816997282625749 222 222 222 0.17849843097526966 202 9 189 51
674 0.42453381421133185 -0.011724477193554548 12.358140412970883 111 112 116 0.4410711915051877 200 70 189 38
671 2.2792143859824843 -1.1503476501922745 12.136532620065353 169 169 169 0.11030659539429266 193 6 189 20
670 0.94960947970911669 -0.13349246365435821 12.278946875556501 117 120 131 0.12249405774903184 191 14 189 8
668 1.1282628540246156 -0.94745963853407622 11.916427887942312 143 143 143 1.2564499911525646 191 59 194 129 195 79 198 93 200 123 203 147 204 163 199 181 201 202 203 215 209 167 205 157 206 90
667 4.6289800592793577 1.0786242470933636 14.703361688325177 37 37 37 1.1900230713153395 202 234 201 260 203 264 209 270 204 253 205 250 206 263 207 215 208 205
666 1.7407180143632333 -0.39524125328725701 12.359382013487522 97 99 104 0.71871817738172727 194 106 196 130 195 121 193 99 192 122 192 153 193 132 197 136 198 134 200 167 199 135 202 156 201 181 203 195 199 136 202 157 201 182 204 178 209 180 159 111 159 112 161 85 161 86 205 175 206 186 207 151 208 137 166 82 166 83 159 140
665 1.2942249659992384 -0.61274257786935971 11.997389252456408 73 77 88 0.77839642804381304 191 64 194 69 196 57 195 63 192 88 197 61 198 71 200 95 199 71 202 89 201 116 203 159 204 147 189 77 205 134
664 1.0763110100127771 2.0508249557168226 14.181305178421024 74 73 72 0.79738679193889306 197 35 200 42 199 55 198 32 202 76 201 65 203 63 204 84 205 72 209 86
660 -3.8944339230395251 0.93490874784911326 12.512710654741046 84 89 102 1.4120857797801669 199 224 200 251 202 249 198 194 199 201 201 241 197 185 200 244 204 235 198 202 205 239 206 260 209 266
658 1.1206784223923076 2.1113058404356853 14.074773042580315 113 113 113 1.1047575607878131 199 205 200 247 206 248
656 2.0825551549243371 -0.56182945400054407 11.978403878261076 51 56 64 0.75727230378643406 203 226 204 204 209 209 205 221 206 204 207 176 208 148
654 4.216573153551602 1.4226795339856806 14.347639853598238 51 51 51 1.27268305492267 203 201 204 211 209 218 205 212 206 231 207 185
653 4.732556268901857 1.3752039933377456 14.444746392674766 21 21 21 0.81749541393540148 203 200 209 217 204 184 205 211 206 210 207 172 208 158
644 1.1388427305103941 -0.52935879188407142 11.700827182619612 101 106 121 0.92546648476043547 203 129 204 108 209 146 205 139 206 148 208 129
639 4.4718114950887138 1.3368303323433195 14.776281635309427 20 20 20 1.4802074925438846 203 97 204 128 209 120 205 107 206 86 207 100 208 94
1176 2.0663918851316256 -0.48172035980092631 12.332642746456248 46 49 54 1.3127773801353682 207 180 208 167
634 1.4306589041603999 -1.1490208194530653 11.539695243960558 5 5 5 0.87777133849761546 203 68 209 57 205 74
1162 8.8623512494096133 -1.476455692697181 21.107107546644187 24 24 24 1.3217254150640216 209 241 207 187 208 177
621 1.7629357961444672 -0.51408618614773649 12.383832358047851 125 126 128 0.61139438152556602 203 49 204 7 205 17
49 1.0291559522498177 -0.46801345747840989 12.122044145959796 116 120 130 0.66807036543582332 191 120 194 138 196 126 193 131 195 118 192 150 198 132 189 138 188 125 161 83 159 110 166 80 187 113
1158 1.6650254159897386 -0.752693885100996 11.334068442003858 128 128 128 0.183106632486711 202 86 207 159
617 8.5871101232738756 -1.272744640046378 19.15192848969005 73 73 73 1.685767369030079 201 153 203 161 204 177 205 174 206 206 207 166 208 151
616 2.4226549944977878 -1.2622355315109499 12.678572758865091 156 156 156 0.40268155508553682 201 263 203 269 204 241 209 258 205 241
608 2.0892662216531375 -0.39850977633551221 12.013109926927008 43 47 49 1.3106025371596994 202 185 203 196 204 179 209 181 206 187 207 152 208 138
605 1.980947284652175 -0.90166036965176066 11.825590342563025 115 118 124 0.8936174843995317 201 205 203 177 204 165 206 134 207 105
599 1.2019676420339627 2.0688693986913891 14.246121910777752 99 99 99 0.33187058037929967 200 115 203 105 204 131 205 73
1135 -4.9082033936187512 1.309630805228323 13.229782577364162 208 208 208 1.6407836345033016 209 267 206 261 207 213
1117 4.5283534430301202 1.3427041295007667 14.438578567784209 58 58 58 1.0278802132628808 209 159 206 160 207 101 208 69
576 -18.347529428650265 4.6690374059899797 24.407034386749441 231 231 231 1.390549589651118 199 210 200 254 202 237 201 244 203 254
1095 -1.9648414990734415 0.67250404503967831 4.2461267384546 226 226 226 0.3102062425591311 201 49 206 34
554 -2.3336435979622507 -0.33279139177354683 11.308875168350021 95 94 96 1.0939926787790382 197 101 199 97 201 117 198 127 203 125 209 103 187 55
551 0.56079805664247817 0.023271382880243718 12.077183600223949 48 50 54 1.1602167499441765 197 71 198 82 201 89 201 157 204 151 159 94 205 150 207 95 166 55 161 70 187 94
1086 4.5705604618065161 1.2920631571022836 14.782710286687117 51 51 51 1.3973860453867493 203 96 205 106 206 159 209 158 207 127 208 93
1085 1.564267106234738 2.0018553486639998 13.941039581656042 130 130 130 1.0002047077485778 203 65 205 51 206 63
544 -18.705741189931114 4.759123059497484 23.357787551175441 170 170 170 1.8832035504892319 198 56 201 51
1081 -5.6409978443803137 1.677276594838917 13.276865181661439 204 204 204 1.1322733958649833 201 266 202 264 203 275 204 252 209 269 205 249
540 8.0629876246238918 -1.183286534124933 19.648505754439487 35 35 35 1.0348508040897184 195 116 197 134 199 167 198 129 202 184 198 162 200 204 201 179 203 228 204 205 209 211 205 203 206 207 207 167 161 60 159 86
1079 1.6788555550909332 0.45603481943362756 12.536829451003264 0 0 0 1.8115463920871455 209 247 205 238 207 202
538 -11.071775155650501 2.1237306550607058 18.851574231876786 153 153 154 0.70695929940512492 199 194 200 237 202 218 201 226 203 235 204 210 205 210 209 187 206 191
1077 4.3331040954510671 -1.7793313238342132 15.12863744756182 57 57 57 0.55410227228562925 200 248 201 238 202 233 203 252 204 229 205 234 199 207 198 190
536 8.3727120923348295 -1.1137211519064749 19.985768793842698 4 4 4 1.200196542745837 199 188 198 183 195 152 197 166 200 231 202 212 201 220 203 230 204 207 209 230 205 223 206 224 207 188 208 180
1076 3.9144803869076199 1.724443084263269 13.734493289543074 103 99 96 1.155012987535903 204 186 209 219 205 214 206 211
535 2.0852648461809165 -0.83155934409791465 11.904394966670566 61 65 73 1.1637703003256421 200 224 199 158 202 204 198 155 201 207 203 219 204 218 195 146 191 113 192 145 205 219
1075 3.3607099291252336 0.13310826894324654 12.887995257894074 0 0 0 1.4672187056290582 189 183 193 173 191 154 192 188 194 174 188 179
534 0.95647441138351463 -0.12004820369974416 11.835159893348017 81 85 98 1.501817519534133 195 92 202 98 196 16 200 15 201 85 193 102 205 19 206 75 161 67
1074 3.3219338893351531 0.13513207524408843 12.792836991180128 0 0 0 1.3356273619201426 189 182 193 172 191 153 192 187 194 173 188 178
533 -2.6446140651866528 -0.84141619452189875 11.20193065696759 179 178 178 1.0323441558705924 192 81 195 53 197 84 200 116 199 60 202 81 191 36 194 28 193 36 195 22 192 43 199 31 201 71 203 110 204 87 209 88 188 29 205 77 187 28
532 7.9807138221649598 -1.182013046621879 18.127273070120165 53 53 53 0.88186023823045079 198 19 199 4 202 60 200 97 201 41 203 47 204 46
1072 -2.643356878439644 -0.55858485973808247 10.58553802512623 184 184 184 1.5753678452489028 202 201 209 198 205 190
531 1.9201678953650823 2.0012190480988372 14.100650933231055 130 128 127 1.0413318015003858 200 290 202 269 201 271 203 280 204 261 205 255
519 0.45772612038246135 2.1330907295882513 14.10605355313524 86 80 77 0.52379539698781097 199 204 200 245 202 231 201 236 203 250 204 227 205 231 209 250
1059 1.7003904526866336 -0.75479614840657527 11.836093034415494 0 0 0 1.6662356780043792 204 141 209 134
518 8.7750802850704392 -1.4617227627502265 20.786123448856461 24 24 24 1.5261815240099557 199 186 202 224 201 215 203 187 204 171
516 7.8539495617089177 -0.70845552599094641 18.042665578363632 57 57 57 0.96215149039477166 199 189 200 232 202 213 201 232
514 0.97248150973824832 2.0779950874125883 14.290795630874086 116 115 114 0.97151743458120121 198 138 202 188
513 8.3845719847693108 -1.3425025199363592 18.694496341120839 51 51 51 0.75195267257059306 200 199 202 183 199 127 201 178 203 190 204 174 205 199
1053 2.9497327032110494 -1.0412742219791655 13.257788039990125 40 52 64 0.46741729759232992 204 138 209 129 205 120 206 135 207 106
512 8.3845719847693108 -1.3425025199363592 18.694496341120839 51 51 51 0.75195267257059306 200 198 202 182 199 126 201 177 203 189 204 173 205 198
1051 1.7014350855522238 -1.0124917415739954 11.833011406876867 121 121 121 1.500580032703849 203 172 209 166 206 166
509 -20.397038684624565 5.0598306840883751 25.679034547572513 174 174 174 1.369581027179855 199 141 202 167 201 192 203 202
508 11.213944634022335 1.4875972756739719 20.729773878678177 86 87 86 1.3255067293358103 200 177 202 166 201 190
507 -15.076689962166318 3.1423230188273852 21.861093924196211 231 231 231 1.0266053623803391 198 112 199 139 200 172 202 165 201 159 204 183 205 179
1044 1.222986704957876 -0.73130279937644227 11.725030710776608 152 152 152 1.0533514756648021 204 94 205 82 207 108
503 2.1261187354450519 -0.27787770174563442 12.294818027975289 64 73 87 1.2918274386950699 199 107 200 168 202 160 201 127 189 113
1043 0.79505959552380956 -1.1480054467038709 12.37325033327005 231 231 231 0.076124617019615426 204 132 209 58 205 76
502 1.9088066352023347 -0.40631799059334389 12.584315282462111 94 96 100 1.8927585609324444 198 135 202 158 204 115 209 154 207 90 208 81
1041 3.8848302634211094 1.462543367618804 13.406670150235524 39 38 38 0.52933805234721754 204 82 209 121 205 70 206 119 207 102
1040 -14.375571696706849 2.9993684001770031 21.500467486193454 159 159 159 0.70099274175289283 199 20 202 106 203 40 204 77 209 83 205 68
499 1.1306599765784733 -0.79320389017535886 11.902613026928002 0 0 0 1.4529375541312859 196 117 197 94 202 148 201 144 203 150
498 2.8332746652859493 -0.9859505306907338 13.192910970402135 18 30 53 0.74690579676914148 199 119 200 155 202 147 205 164 206 172
1038 3.7926729159281702 0.27009034502375107 14.403592030235401 125 125 125 0.97000323369117225 201 128 204 125 209 79 205 66 206 112 207 70 208 87
497 -6.2702587830326788 1.6913602472285454 8.5332035136043984 192 192 192 1.4428571402778336 200 146 199 114 202 138
1036 1.8291572761664583 0.031735351481263427 12.686903622665589 89 94 108 1.7172163043626048 199 49 205 64 209 115 206 84 207 96 208 86 194 43
495 0.822618337269443 -0.53340887343106158 11.826011534650863 190 191 195 0.40902642226046759 201 118 204 103 209 106 205 90 206 98 208 75
1035 1.4569477725507201 -0.8666106675116847 11.083273492844548 135 135 135 0.50587156173577219 209 60 205 55 206 65
494 0.37627780127289695 -0.52014776583591582 11.993201726382093 213 213 213 0.50179887174394522 199 100 200 135 202 123 201 151 203 126 204 102 209 144 205 136 206 147 207 116
493 1.126907312804502 -0.66429002723507857 11.776369340672314 150 150 150 1.6367435612352434 202 121 201 149 204 144 209 138 207 142 208 127 197 58
492 1.4765476131794859 -0.91699440055607806 11.668510437555259 147 147 147 0.32925177699549546 198 95 200 89 202 117
491 1.2416903230709917 -1.0881367409099596 11.946016345791136 117 117 117 0.75804048965329174 200 117 202 114 201 102 203 144 204 134 209 92 205 78 206 128
1031 8.488396903202041 -1.2874641101205937 18.788213597628172 80 80 80 0.38784829767857681 204 30 205 16 200 52
490 1.7210096713029563 -1.1097549465500092 11.627848924180906 30 30 30 0.82827128327828625 197 85 202 113 201 136 203 111 204 133 209 89 205 112
487 2.3711007494085865 -1.0425899427362644 12.603486427661558 43 51 65 0.37901227410574756 198 64 202 85 201 73 203 113
486 1.3841561388440393 -1.089861640568623 11.813843080011811 82 82 82 0.45056313927698266 200 88 202 82 201 72 203 73 204 63
482 8.1929338947626995 -1.2777352297039379 19.980459784513457 23 23 23 1.2357693426767142 200 98 202 61 198 72 201 154 199 15 203 131 204 109 205 37 205 140 209 148 207 149 208 134
481 8.8392900166677641 -1.3379336133166153 20.9196362970793 42 42 42 1.1763171010887958 198 41 202 59 197 5 201 40
480 8.5919117794479263 -1.5805239988650697 20.514555713987296 42 42 42 0.60962767062219192 198 38 202 53
478 1.5316490162417262 1.9361494710021292 13.876759909477173 105 105 105 2.3221889181564972 199 6 202 46 205 24
475 -2.589664196398715 -0.75202386181305025 11.210319167356412 103 102 102 1.7440224622623919 198 148 191 137 192 171 197 154 200 189 199 155 194 126 201 166 204 192 188 146 205 185 187 132
474 1.029037232268146 -0.61449796607497931 11.86992882412622 195 195 195 0.87773131073194155 194 97 195 59 200 92 198 69 191 39 196 27 193 40 192 45 199 68 201 114 203 120 204 99 209 141 189 52 205 86 206 93 208 108
473 1.8327911350248849 -0.50190543862846904 12.627260999167508 137 139 142 0.40124885836207247 193 48 194 34 195 27 192 54 199 42 197 8 200 58 202 94
471 0.89407589483052519 2.1140545213581521 14.238141212097798 128 126 125 0.73927649028766518 198 231 200 287 199 240 202 266 201 268 203 278 204 258
469 1.9573173493654574 2.028732161746686 14.310912801093625 129 127 126 0.91013931241126866 198 216 200 289 199 229 202 268 201 270
450 -2.8590580016793599 -0.73231996210876138 11.58325619470374 134 134 134 1.5051282316701176 194 188 199 179 201 201 192 207 205 186
449 10.839100482383252 1.6268398430966151 21.622381807425288 18 19 21 1.1824144268288701 198 167 199 171 203 236 201 189
441 -2.6504405071453574 -0.68889314147988101 11.507115875044967 144 143 144 1.4132649792899932 194 157 197 157 201 204 199 157 198 151 205 187
436 1.4519176411047567 -0.51691119311659206 12.050597712271674 99 103 114 0.45081559174282199 198 130 200 164 199 132 204 176 205 173 208 150
661 0.92392167167032635 -0.048935475889703109 12.258001843260484 95 99 112 1.9211116250945079 203 273 204 248 209 264 205 247 206 257 207 211 207 212 202 260
120 -3.1127774313992731 -0.68160850764451941 11.106763987200162 192 192 192 0.010884807168123027 191 138 192 172
918 1.912626466741336 -0.37275432644011736 11.861817534268727 76 80 87 0.66919807663177777 201 126 159 68 205 94 206 105 166 28
377 1.4826162410819281 -0.62986001929907476 12.09588513946056 104 107 116 0.26627622039864329 197 25 200 34 199 36 202 55
898 0.11465935172536827 -0.04601525592339735 12.482503615998123 77 78 81 1.3896470047444813 194 38 196 18 193 52 195 31 192 58 197 31 200 62 198 43 199 44 204 49 209 41 201 59 203 52 202 68 189 32 191 47 159 28 161 21 205 41 208 62 166 3
357 4.8605986147695042 -1.7077847585220591 14.443303079595534 0 0 0 0.7464564425077882 195 201 196 219 197 203 198 207 199 231
894 -2.7517370121780882 -0.7863483831923096 11.179726776164593 106 106 106 1.49544365814873 191 181 193 196 195 167 197 171 198 142 192 168 200 185 194 124 199 151 201 164 204 158 203 209 188 143 205 113 196 75 187 155
353 0.48012707955099165 -0.48456940591607894 12.020708221981938 92 97 111 2.0021423380030359 200 202 199 166 209 175 203 192 205 200 206 149 207 145 208 115 187 140
91 -3.0309172613827711 -0.73391745747363968 11.427544101508246 186 186 186 2.3157676164778334 191 182 193 150 195 169 197 153 192 170 200 217 199 178 201 200
889 -4.3472942382452411 0.65726144717431789 12.403713639255017 0 0 0 1.9057426626814873 189 269 193 254 191 266
348 -0.76961552253020149 -0.35013181657423109 11.616042571228366 178 178 178 1.4207070860282165 196 162 197 165 198 182 209 228 201 217 205 201 206 221 207 177
1170 1.3386741024338669 -0.55983228772140636 11.853284704042824 87 88 89 0.40469855758206774 206 100 209 109 207 85 208 113
629 1.9035937580115891 -0.60342939639214699 12.605199132396379 125 126 128 1.2422270339535246 198 75 203 130 204 70 205 57
88 1.4523613295864934 -0.38061913961111876 12.333660760885529 62 66 76 0.46658745751781466 191 122 194 105 196 129 193 98 195 120 192 152 197 135 198 133 200 166 199 134 202 155 201 180 203 194 161 84 159 90 166 81
344 -3.1755477657883482 -0.61032654346976778 11.042650932196949 231 231 231 2.0018064945761171 196 151 197 158 192 176
1166 1.2107117936997738 -0.62954729823206534 11.941267332765189 158 158 158 0.91721710825016445 191 40 194 67 195 60 196 55 192 46 197 59 198 40 200 93 199 69 193 41 202 54 201 115 189 75 206 68 207 80 201 150 203 158 204 146 209 142 205 85 208 72
84 -2.2990401523136046 -0.37613525336065251 11.305869024256156 122 127 140 1.377767279017506 196 2 195 11 197 24 198 4 191 6 200 6 199 2 188 6 187 8
882 -1.6557197757496311 0.074417586929554483 4.1182533338336498 0 0 0 0.30137728520950596 188 206 189 222
341 2.4181333398400224 -1.4992413085679082 13.633484729592226 7 7 7 0.95404606400851133 194 147 196 140 197 146 198 174 199 147 202 192 203 206 209 190
1165 8.7102571328879126 -1.5840903211469322 20.843852051221059 48 48 48 1.3499934615039562 200 160 202 181 201 175 203 184 204 170 205 195 207 174 209 204 206 219 208 162
624 0.54624414392877763 -0.044710689772189185 12.081561748589671 97 98 101 0.61986765401283161 200 67 202 72 209 71 204 51 203 88 206 49 206 80 205 42
83 0.13344059870912209 0.53606017660444116 12.408393206053894 79 73 70 1.2105535587520448 194 243 196 242 193 256 195 228 192 273 197 224 200 283 198 229 189 270 191 267 202 262
1164 -6.6889132710583628 0.99140728791340127 14.149697101090329 231 231 231 0.76070037990262351 206 240 209 246 207 203
82 3.8632780957823858 -0.060677604033467086 13.04601297870931 30 31 31 1.6082455569747618 191 265 194 242 196 241 193 253 195 227 192 271 188 257 189 268
1191 2.1608280161666227 -0.35986015779851871 12.201143730947905 92 98 108 0.83289375546362832 192 93 194 75 166 48
1163 -5.1284420369552954 0.74216534661135691 12.83086979660165 203 203 203 0.94110546964814379 206 250 209 245 207 201
622 1.6456147425970875 1.9629564023330719 13.921947931086237 136 136 136 0.52087448005698844 203 26 204 41 205 25
81 2.1977678926382787 -0.51993631047361466 12.048294149134001 51 56 61 1.5689811861707346 191 262 194 239 196 239 193 252 195 225 192 270 197 221 189 265 159 237 161 201 166 226
338 -3.2487969917034669 0.26970158927035759 11.362514158602352 226 226 226 1.479550802185414 194 139 195 122 196 132 188 129 197 137
1161 0.4626394723623109 0.071214320729154318 12.453931621874673 222 222 223 0.79452862173009675 206 190 209 213 207 170 208 154
620 1.6012233188532685 -0.62589378031279386 11.498724856013578 159 159 159 0.20523155517545177 203 28 204 28 205 11
79 1.8456179331046672 -0.67624825050200188 12.33189027336514 129 131 134 0.73607187257452122 191 237 194 238 196 238 193 233 195 224 192 269 197 220 198 226 200 280 199 236
877 -2.9337059085630806 -0.62106395833357331 11.180536435891737 192 192 192 2.4474122654145645 195 142 192 178 187 135
336 1.2740804077296244 -0.67351899892682843 11.735953185277484 114 114 114 2.625923732120151 196 89 197 132 191 116 193 127
78 5.1444865392300398 -1.0550196794557234 13.548468911116569 26 26 26 1.5171902336713035 191 236 192 246 194 222 189 246 188 235
335 7.6442306846225501 -1.3358409699517242 17.379098361959457 67 67 67 1.1462410823847511 195 112 197 131 198 160 197 162 199 163 200 227 202 208
50 1.3923053623034698 -0.36878009113095722 12.074024948312239 64 68 79 1.3406726211661566 191 121 194 104 196 128 193 97 195 119 192 151 209 152 189 140 205 146 206 154 207 121 208 116 187 114
1159 8.0627481771007972 -1.4982053060046028 19.575300820709973 55 55 55 0.78286366323119772 206 203 207 163 208 128
77 1.3718944911205462 -0.74430577691661093 11.888801292350596 127 127 127 0.77758519754457645 191 235 194 221 196 237 195 222 192 245 197 219 198 225 200 279 199 235 202 258 189 245
645 1.1278145880978274 -1.0415697969146984 11.959300719935381 120 120 120 1.3536049797790091 198 147 200 188 204 159 205 154
1186 8.2640381631739768 -1.1866711241082264 19.157833970301787 0 0 0 0.74502836500731384 197 178 198 163 159 106 166 73 199 187 200 229 201 218 202 210
334 -2.3835035542464253 -0.57783408769874367 11.275083284192494 94 93 93 1.5125375721884047 196 115 197 126 198 120 202 177 201 172 203 178 204 197 209 201 200 223 189 131 191 110 205 162 187 105
1156 1.2962059897178375 2.0057254363314434 13.890238447461456 0 0 0 0.91556567887110962 199 113 206 122 198 88
615 2.2646335076924382 1.909318362667741 13.931716894555841 86 81 77 1.0774058411406726 201 235 203 249 204 226 209 249 205 230 206 245
74 1.2873909213726065 -0.96483043116878775 11.700995626556129 94 94 94 1.264980558111324 194 219 196 222 193 231 195 205 192 241 197 206 198 223 200 277 199 215 202 257 201 251 203 257 204 242 209 259 191 232 205 242 206 252 189 242
642 1.6863355947273624 -0.63579235730901662 11.56884615725555 159 159 159 1.2615560910973842 203 123 209 140 205 132 206 146 207 111 208 107
1183 -1.9136011418303165 -0.25149139619931726 9.3302883541471502 140 143 151 1.1926544369259191 206 4 208 43
300 2.039500266153397 -0.97445076232270322 11.911054352368609 69 75 84 1.2402645413009901 191 3 193 23 197 16 202 7 189 5
584 -1.7744213166081499 0.88360821300802861 12.044157327521379 107 107 107 1.2251511849723213 203 263 201 259 204 236 209 256 205 240
43 -2.7410447437667762 0.44832505672843814 7.1291949974065263 167 167 167 1.2757270691945308 191 99 194 114 194 80 196 69
428 1.6559909380119116 2.0057108089601563 14.114429827612 155 155 155 0.52890088820341019 197 79 198 114 199 111
172 5.0620860905143781 -0.8706484764057737 13.641346610388513 50 50 50 1.559663021743936 191 118 193 129 192 120 194 136 188 123 189 136 161 59 159 84
429 1.6559909380119116 2.0057108089601563 14.114429827612 155 155 155 0.52890088820341019 197 80 198 115 199 112
970 -2.9548491422981726 -0.17633608070628096 4.1818503761398613 162 163 164 0.20063633827671923 188 77 161 126
332 -2.5741748358492615 -0.60143418634325274 11.377122974549529 136 135 135 1.3821585224273807 194 92 197 123 199 118 201 141 198 153 205 159
302 1.5948267664343327 -0.55274607005131915 12.01033939495138 149 152 159 0.57838232917501975 196 30 197 27 194 15
45 2.0667613400113276 -1.0820662265848551 11.899072769842508 91 91 91 0.94204149529438941 194 127 196 81 193 118 195 103 192 139 197 117 200 152 198 118 199 117 202 144 191 103 189 125 203 145 204 160 209 165 205 155 206 163
589 2.9703405660054991 -0.7762891742582323 13.533712537486259 93 98 107 0.95152982189341162 202 259 201 264 203 272 204 245 205 244
48 0.58494804323670235 -0.4370432417757058 11.990050862836444 116 119 130 1.3977263733901351 191 119 194 137 196 125 193 130 195 117 192 149 198 131 189 137 188 124 159 109 187 112
305 1.7569633001752336 -0.57405403784777631 12.397116741379342 129 130 135 1.2929300978074243 196 3 197 38 198 128 200 163 199 131 202 126 201 152 203 193 204 175 209 177 205 172 206 205 207 165 208 147 159 89
309 1.8678158832396512 -0.56012664208558072 11.652675143059806 82 86 92 1.3397725462240817 195 88 197 62 200 138 198 105 199 130 202 127 201 123 209 64 196 60 194 70 193 96
54 -2.7879835554459245 -0.91166517122439106 11.192010751893529 128 128 158 0.79175341627233209 191 131 194 148 196 141 193 142 195 131 192 163 197 147 189 154 188 140 187 125
1136 -4.9082033936187512 1.309630805228323 13.229782577364162 208 208 208 1.6407836345033016 209 268 206 262 207 214
595 2.1970458976296579 -0.25398657927277207 12.464683273358204 39 50 69 1.6152509663470074 202 44 203 36 209 67 204 120 203 163 205 39 206 110 208 120
311 0.41439406680434787 -0.0042656937785418144 12.666068579493107 108 109 113 0.42628363057556101 195 68 197 69 200 104
312 -3.1038523468590831 0.43274394128526028 9.3998299672125931 231 231 231 0.2076544224408633 196 65 197 72
313 -2.7911925560978483 0.49682850660435224 10.072064355967843 72 76 87 0.66275341207715788 196 66 197 73 195 40 194 46 192 62 193 14
316 -2.6072567704107947 0.56111677894751322 6.3748457666179403 182 182 182 0.78116677737213391 196 70 197 77 194 52
176 -2.7975430225268898 -0.91220684683240127 11.175579592401341 128 128 155 1.2275343454699372 193 143 194 149 196 142 195 132 192 164 197 148 198 140 200 184 199 148 202 170 201 162 203 168 204 156 209 162 188 141 205 153 187 126
177 2.3735433403910577 -1.4083044934687181 13.356246429619283 82 82 82 1.1074758468566261 194 122 195 133 196 108 195 101 197 113 199 149 202 171 201 163
178 2.212691819981492 -1.1457512336518842 11.998241272440662 191 191 191 1.341922579859937 197 151 200 187 198 144 199 152 202 173 201 197 203 170 204 189 209 191 195 135 196 145 194 151 192 169 193 115 189 158 191 102 191 136 205 183 206 195
306 0.54810584615534741 -0.052704052093943701 12.064924456242338 94 96 101 1.2168779615486369 195 36 197 41 189 10 187 40
179 1.8669934534706276 -1.0965942139167624 11.830951624445373 186 186 186 0.98566863153190198 195 136 197 152 200 215 198 146 199 154 202 195 201 199 203 211 204 191 209 225 191 135 205 217 206 213
1288 0.30198984730401907 -0.058777568426409882 12.536726613648636 108 110 114 1.270303928337958 205 60 206 76 207 65 196 33 195 32 197 39 200 63 198 44 199 45 202 99 203 84 201 86 204 71 209 68 194 39 192 59 193 53 191 48 159 51 161 34 208 64 166 7
181 -2.5183834943732397 -0.70378161918923188 11.043914291358625 144 143 143 1.5606592421683052 193 148 196 147 195 138 202 174 203 212 209 193
695 -3.1099003631888662 -0.14716011556882144 11.234221592489639 193 193 193 2.0905678191704911 192 121 189 139 188 100
755 1.497626270723752 -0.9196713765919069 12.548463707596609 164 164 164 2.0677319619104795 189 70 188 58
1296 0.61442937638418271 1.4278075493091378 12.376751675170556 0 0 0 0.40802245704443996 159 177 166 162
269 4.3377574046549077 0.073039756477621731 13.172768114195936 43 43 43 2.1355119296751002 193 220 194 211 196 226 192 229 195 210
12 -2.6402827054362628 -0.84472673942644483 11.208834755584203 177 176 176 0.71071053850737198 191 35 194 27 195 21 192 42 198 36 199 30 202 80 189 19 188 28 187 27
733 5.7170971220023175 -1.6948411974598367 13.565807169097415 57 57 57 0.50768098277532847 191 260 193 251 189 262
192 2.7598185231392751 -1.0923425834402232 12.623147096224553 106 106 106 1.6165765228434807 193 153 194 189 196 184 195 170 191 183
198 5.4100904236864826 -1.215773594515797 13.466093397588732 106 106 106 1.3242444295711528 193 214 192 243 194 204 191 233 189 244
202 5.7663399802777917 -1.7327941791289192 16.022991330608246 55 55 55 1.4886968163662291 196 220 195 203 197 204 198 221 199 232 200 275
52 -2.6227573337455876 0.7668280133600518 11.278019112500619 87 87 87 0.84795058233244525 194 112 196 67 195 41 197 32
593 -4.696900498046233 1.0883023990854734 13.19583300842773 188 189 192 0.56179574893087481 200 75 202 74 201 92 197 75 203 58
212 7.7018684893359843 -1.1241147541780145 17.667078260100126 80 80 80 0.48116242860050268 198 22 200 56 202 62
723 -3.4885511870790253 0.71151330331983997 11.891965079473826 84 89 102 0.51636748590115078 191 222 189 227
1297 0.61442937638418271 1.4278075493091378 12.376751675170556 0 0 0 0.40802245704443996 159 178 166 163
756 1.5534137507845769 -0.67296694158512382 12.300240424728015 123 123 123 1.8409996529392427 189 76 188 65
215 4.7962432465548295 -1.7549143542927794 13.199089987693014 26 26 26 1.1118619407453707 193 0 192 39 194 25 189 14
193 -2.6512494589348718 -0.56351464664555562 11.216153574674443 129 128 128 1.6822423338746366 191 143 194 199 196 153 195 172 193 157 194 161 192 219 197 175 198 180 200 222 199 198 198 197 202 203 201 229 203 217 204 217 209 200 188 175 205 191 187 138 187 193
734 3.9188587167494346 -1.3743819056594939 12.933956604728646 27 28 28 0.84233204745833945 192 268 194 237 189 263
230 1.4882698232315053 -0.93889494527736972 12.000758699517448 131 131 131 0.96006511328266075 191 61 193 122 194 91 192 109 189 129
749 -2.4023034148119051 -0.89734216721223492 11.244873996700171 125 123 123 0.42790421536095807 197 14 188 4 204 23
1290 1.0763662078951834 -0.11043054069194698 11.99517664116328 87 92 105 1.645564434896869 191 184 194 171 196 189 193 170 195 175 192 208 197 181 198 185 199 190 200 233 202 214 201 222 209 231 189 179 203 245 188 176 205 205 206 225 159 114 161 87 166 51
249 1.5405265379206696 -0.8660520624722079 11.883361334491703 115 115 115 2.1025163406856482 191 109 193 159 192 181
759 -5.611549050162183 0.9739366863250718 10.191207162741426 198 198 198 0.39370886463348542 189 89 188 78
251 -2.7359867357615979 -0.48892674718384171 11.698903485507515 128 127 127 2.1245727432476849 193 198 194 165 192 184 200 192 202 179 203 180 209 170 205 169
246 1.6064235445507709 -1.0123090345446932 12.089808111151449 97 97 97 1.3567131786383113 191 106 193 197 192 174
379 1.8009693086116403 -1.1609963132272798 11.714047244020641 30 30 30 0.35429944588308782 197 36 200 86 198 62 199 58 202 79 201 69 203 69 204 61 209 87 205 75
399 13.300504746868876 -3.1589805338874273 23.168897802967791 61 61 61 1.1888838619960076 195 202 199 230 198 220 200 258
142 1.3603884986760568 -0.40669367470948337 12.151383526032362 95 100 115 0.4455018585053151 193 51 194 36 195 29 189 84
388 -3.4445678178178558 0.57735345825502216 7.9093550116170954 0 0 0 1.5507029047569192 192 126 195 123
351 1.4666810391181229 -0.75457626026244518 11.348394727716258 114 114 114 1.240139126053698 196 187 197 176
412 -1.207845497438796 0.26820630194890643 4.4092433723767641 185 185 185 2.0013574931011617 192 67 193 64 199 22
413 1.7037213770561641 0.041914235900085778 12.65909194575211 96 101 116 0.76194841254525514 204 122 209 114 203 89 205 101 206 111 207 125 208 122
1184 0.47965568943365339 -0.12421244802791755 12.095405109706579 225 225 226 0.60112945374689997 207 168 208 152 206 188
1298 2.0539796850976511 -0.29240671276249791 13.20946196432763 0 0 0 0.30584159986487452 159 215 166 182 161 175
385 2.9340568207217426 -0.93917952909643554 13.189302422149638 53 59 74 1.1896535578224745 197 129 200 157 198 123 199 122 202 150 201 174 203 181 204 168 209 171 205 167 206 177 207 137
414 1.2352069384551003 -1.018763320980731 12.116721946697201 132 132 132 0.75755387070821512 199 61 202 116 204 88 205 117
410 -1.9063611779668606 0.31893537181286274 5.7838177868655123 0 0 0 1.1703527713063693 191 31 198 48
99 0.48611889929435875 0.11168592266051296 12.353432592976741 101 107 122 1.0207833995551998 191 239 196 224 193 236 195 208 192 250 197 209 200 281 202 261 203 274 204 249 161 185 205 248 166 201
1181 2.2052928413961266 -0.28062219657250681 12.329173699725814 14 18 25 0.41601730700086331 206 156 207 122 208 118
217 1.6047377839058092 -0.60109001632568548 12.195785269513092 150 151 152 1.1492238709181009 193 27 194 13 192 47 196 29 166 25
1299 2.1384103423197898 -0.72171101130765103 13.146063615766494 0 0 0 1.3496189614619427 159 236 166 215 161 198
271 4.2728209555844989 0.57702759696573935 14.009861739221449 5 5 5 0.055076010165050329 191 206 193 210
355 1.6197855827558398 -0.46785961263780523 12.242585761080115 136 138 144 1.16999430280461 196 199 197 190 198 193 200 249 198 198 199 199 202 225 201 230 203 244 204 219 205 228 159 138 207 179 205 222 208 178 166 152
612 1.3265110190726574 -0.70180076853578666 11.871133473335906 99 99 99 1.8168891549656621 201 208 203 220 204 199 205 192 207 160
226 1.8969932651930028 -0.61068404519678465 12.046491843260629 138 141 147 1.2760406425372073 191 89 194 103 196 58 192 89 193 43 189 111 161 61 166 26
767 5.6907196984430843 -0.93068128392534155 13.857633592536811 69 69 69 0.75034690248492308 189 164 161 81 191 147
386 -2.697590733922492 -0.4619182292419009 12.017351553049892 137 136 136 2.6325959583565024 200 158 192 114 199 124 202 151 203 154 205 128
382 1.2252270391278974 -0.83726016816763726 12.029003774514358 159 159 159 0.0079338801158684025 197 93 202 146
1271 2.1558633269445222 -0.11351397795980553 12.384726714190986 31 38 52 0.70276365580009681 159 240 161 203 166 228
415 1.8254715005401694 -0.45761283377530865 11.975648947662165 106 107 110 0.38822467199497657 198 78 200 101 199 75 202 96 203 50
394 1.338774051279225 -0.87461511918759649 11.933022016142516 115 115 115 1.0456187787109317 195 143 200 221 194 160 202 202 205 161 206 170
373 1.7484307589984951 0.089976736748183128 12.554076351136914 113 119 136 1.0458823216671012 196 201 195 183 192 220 197 191 198 201 192 227 197 195 199 208 200 250 201 240 209 243 206 238 207 199 208 189
914 8.3324003274471909 -1.1950866148960737 19.325673138321434 82 82 82 0.6689801981927086 198 164 200 230 202 211 201 219 203 229 204 206 205 204
400 -3.2920280446859849 0.65343605064116073 7.6285227539503264 0 0 0 1.7413624082238623 192 234 195 214
324 -2.6040920882818632 0.42600342647883283 6.7940882613144522 231 231 231 0.48168435965097461 194 115 196 99 197 109
910 9.1038345977619297 -1.6097587056615112 20.98664290331601 59 59 59 2.016606626352818 198 159 201 213 203 224 195 149 197 161 199 162 204 202 205 196 207 175 206 220 208 163
750 -2.7513065947508495 -0.84599312486512646 11.077321592042956 116 116 116 0.76798601922365695 200 31 188 5 204 25
1291 1.7765134034591756 -0.57215361896869688 11.437689539497978 0 0 0 0.70165447997963426 159 67 166 27
100 -3.3601752062481567 0.47718981391731263 9.2002618120890709 209 209 209 1.1691551780887333 196 228 195 213 197 212
1182 1.6325951550063396 -0.32198712161822401 12.359108648280028 109 112 124 0.93317723678885467 193 76 199 78 191 71 208 84 203 137 204 119 205 98 206 109
420 1.2280302245765595 -0.87172410072547213 12.069861779051209 164 164 164 1.4471097211689288 192 112 198 97 199 89 201 139 204 90 209 127 203 148
419 1.5542719371516021 -0.89363218398108057 11.629108357438479 119 119 119 1.0435921859638586 198 96 200 126 199 88
233 1.7260957159732524 -0.34654822968088383 12.317562970285515 140 143 153 0.27933142127687333 191 94 193 100 192 123
301 -2.4033651797259461 -0.3857302513809226 11.626863406211427 123 127 140 0.47388852577031815 195 10 196 1 197 23 198 3
748 -2.4023034148119051 -0.89734216721223492 11.244873996700171 125 123 123 0.42790421536095807 197 13 188 3 204 22
1289 1.0743549271833814 -0.11074509530142133 12.007160226119463 86 90 103 1.4877754278319568 191 185 196 190 193 171 195 176 192 209 197 182 198 186 199 191 200 234 202 215 201 223 204 221 209 232 189 180 203 246 188 177 205 206 206 226 159 113 161 88
728 -3.0161236610760436 2.7610483982930631 14.343996593165507 100 103 116 0.32902662011988071 191 253 189 256
187 5.2639586575338742 -1.1277548158047062 13.722654952276649 9 9 9 1.4067404311738307 191 144 193 162 192 183 188 152 194 164
1269 -4.0955027599375127 -0.1465546677460304 12.812432739250127 155 156 160 0.10471325831184758 161 199 166 224
782 -7.1467981506305209 1.4979397183673653 10.210406912535696 135 138 148 1.0244528635645358 189 234 188 198 187 181
241 -3.2408280095041992 -0.75022506594314986 11.00150084329568 0 0 0 0.11222091052089136 193 146 196 144
899 2.1700594356757228 -1.019531351671473 11.988465141195629 114 114 114 0.9185188589072959 191 84 192 141 193 120 189 126 194 130 196 112 195 104 197 119 200 190 195 139 198 119 198 150 199 156 202 175 201 168 203 173 204 193 209 195 205 188 206 196
358 1.7053272669116744 -0.98285387404279645 11.098987864319245 149 149 149 1.7206961385270507 194 218 195 204 196 221 197 205 200 276 198 222 199 233
913 7.7725978294207518 -0.85902910644086272 18.271031784240613 126 126 126 1.3590566730812628 197 192 204 246 203 258 200 261 202 244 201 254 199 218 198 199 209 261 205 245 206 254
372 4.7927705578904591 -1.7561345370635189 13.197449510819776 18 18 18 1.1718886625586999 191 18 193 1 194 26 192 40 189 15
51 3.8526912243256017 0.16189939403298051 14.284383684392576 99 99 99 1.0160961756321836 197 138 200 170 199 137 202 162 201 158
1133 7.5579646508577163 -0.7987378588675994 17.537470695052345 142 142 142 1.6825546461696708 209 262 206 255 207 210 208 198
362 -2.465104154321399 0.45971377419411141 6.5387158297301671 204 204 204 0.50421154852393713 194 213 196 215 197 213
1293 -2.68571841103953 0.11327385066930674 11.554586775706818 0 0 0 0.18665702063754397 159 142 166 119 161 103
371 4.9762113445475471 -0.53158687019060091 13.389997250441482 12 12 12 1.7370317097750141 191 238 193 235 192 249 194 240 188 238 189 251
912 7.819146513783271 -0.86825411867459079 18.377248740639786 125 125 125 1.0741390909475454 200 262 202 245 201 255 199 219 198 200 197 193 204 247 203 259 205 246
59 2.9329800052315349 -0.82150050483535386 13.0912203460258 99 102 108 1.0301567967767187 194 169 196 160 195 150 197 163 198 181 200 226 199 164 202 207 201 212 203 223 204 201 209 203 205 194 206 217 207 161 208 161
1141 1.1310293275495009 -0.76204649603505381 11.923520813476646 147 147 147 1.7030460289813552 194 94 200 156 209 131 205 124
393 -2.4627329093470776 -0.69624055301059129 11.433894799074714 103 101 101 1.6824665253525626 195 141 200 219 193 121 196 113 191 107 202 198 189 161 189 128 209 197 203 242
360 -3.3191513022087 0.47146867955722715 9.1386000543914676 209 209 209 1.3139073425004812 195 212 196 227 197 211 192 230
901 -2.6543129884550076 -0.87079698568083164 11.148757546669753 204 204 204 1.2441049070535803 188 11 209 31 199 28 205 27
210 6.4673220727333032 -1.8429249834920836 13.884909767935824 9 9 9 1.3868416508566748 193 3 192 0 191 0
1292 2.156287772630888 -0.25842273238758207 12.13955109918955 0 0 0 0.7135841409907463 159 70 166 49 161 64
370 -2.5601328506060823 0.49443250773051478 6.2567874723968888 188 188 188 0.91423397579259769 194 49 197 47
911 -2.6873021075814321 -0.65698173471002741 11.183245234299614 126 126 126 1.5553365997837474 191 140 193 152 196 150 195 140 202 199 203 216 209 196 187 136
735 2.2600142248808206 -0.53743668707572734 12.245169779066664 58 62 67 0.99351860085534816 191 261 189 264
194 1.8633519446147739 -0.46764849722340818 11.800597290811361 102 105 107 2.0782704100960019 193 169 194 193 196 188 195 174 192 186 197 180 198 184 204 220 199 200 203 243 201 231 161 102 205 202 206 222 209 229 159 171 207 178 202 226 166 116
321 0.451701787746976 -0.31150609100141879 12.034171394021248 64 68 79 1.03576255121994 195 89 196 127 197 103 198 108 199 133 189 112 188 102 187 91
368 5.3536638467794191 -1.2012699119721237 13.359034534214111 82 82 82 1.2888183777604585 194 205 192 244 193 215 191 234
57 2.0143144077548469 -0.95138196605629455 11.899129396678106 64 69 79 1.3180591698473001 194 190 196 185 192 179 197 173 200 220 198 178 199 183 202 200 201 170 203 174 204 136 193 155 191 142 189 163 205 158
598 1.3197390405358611 -0.57056219371388261 12.222255073405019 89 93 103 0.50764379219362765 202 93 203 77 204 107 205 91
1139 1.8889841014198723 -0.32316886984500764 12.595715889109854 128 131 140 2.1312565551026914 201 256 203 260 204 234 209 255 205 237 206 253 191 220 194 208 196 210 193 218 195 207 192 225 197 194 198 210 200 263 199 220 202 246 189 223 188 237 207 208 208 196
238 -0.26666992728761374 0.095766968299530381 3.0785144609333135 104 107 116 0.29566413408696551 193 82 192 132
1287 9.0435629337217058 -1.5631742138455749 20.991549388532842 42 42 42 1.1222607563606268 209 6 206 45 207 7 203 3 208 3
259 -2.9435654692893936 -0.83141750502853162 11.150875608517827 166 166 166 1.9194767481337074 191 199 193 194 195 164 192 204 188 193 187 171
1084 4.0150055474207349 1.5307901752259867 13.601097654093667 7 7 7 0.28473309550984899 209 273 205 253 204 257
2 -2.5570348197782384 -0.53591051079600271 11.077658416552538 107 106 107 0.57596589345024851 191 5 194 2
365 -3.336912688884929 -0.70157643169234862 11.339474673771175 231 231 231 0.96547284170583492 195 137 197 155 193 149
906 2.3329981575831042 -1.1307297630715529 12.210460975787559 105 105 105 1.3642985367341984 201 167 203 171 204 161 193 69 194 30 196 82 195 77 193 38 196 26 192 83 197 55 200 119 198 117 199 86 202 115 201 137 203 146 204 135 205 156 206 164
257 -3.0672758664777788 -0.88816412685593404 10.734681561669735 170 170 170 0.18941227408936451 191 178 192 200
204 5.7949957009206932 -1.4700514942498872 14.641964116312185 21 21 21 2.7624715462377343 196 223 195 206 197 218 198 224 199 234 193 206
745 2.5256070426877324 2.2870279474398698 16.250347932869794 71 75 87 0.74629087624989221 191 128 192 160 189 119
364 1.9757086656277443 -1.2148729263926559 12.28732525969389 12 12 12 1.6330002271801369 196 109 197 115 195 134 197 149 193 85 194 123 200 214 198 141 199 177 202 193 201 196 203 207 209 237 204 214 204 230 191 81 205 216 205 227 189 94
363 -2.4753031413417474 -1.0006150607899482 10.58453365819825 190 189 189 1.7100136689004828 194 236 195 221 196 236 197 217 202 256 198 219
359 5.1812982603996485 0.14701623938524894 15.188552544639329 55 55 55 1.2950426986454329 195 209 196 225 197 210 198 228 199 237 200 282
346 7.8188119197784109 -1.4614001406767099 17.927597626319987 32 32 32 0.71197386918088368 197 160 198 157 199 160 200 193 203 222 204 200
62 3.924180310432031 0.22827292874965663 14.46791639559428 149 149 149 1.154748726940062 197 183 200 235 198 187 199 192 202 216 201 224 203 233 204 208 209 235 205 208 206 228 207 183 208 171
603 1.7141058233826028 -1.0586810777797528 11.946717706138465 128 128 128 0.87445665624777325 201 138 204 162 205 116
330 1.2283398073824487 -0.92648117939924834 12.052188178334966 157 157 157 0.76805803761659774 197 121 195 81 200 124 198 94 199 87 201 104 202 84 203 115 204 137 209 125 205 118 206 131
333 1.6692504369516095 -0.84735978278929458 11.790148607277761 160 160 160 0.89285005080208435 194 162 197 124 195 108 196 116
191 -2.4387471666942413 -0.81549104464511746 11.2561620690167 106 105 105 1.6962305399767474 191 134 193 147 195 168 192 138 197 172 198 143 200 186 199 115 201 165 196 77 194 59 189 156 188 83 188 144 209 91 205 115 187 128
318 1.2366960087299308 -1.0884826111367978 11.954855245159987 128 128 128 0.99214411102340661 196 50 197 86 198 91 199 116
1270 2.1558633269445222 -0.11351397795980553 12.384726714190986 31 38 52 0.70276365580009681 159 239 161 202 166 227
188 5.1446240969891539 -0.81698496146366717 13.608226326331767 8 8 8 1.7163235177563683 191 151 193 168 192 185 194 170 188 156 189 167 159 108 161 82
315 -2.4914687706028524 0.53674380724921877 6.3331130668268436 220 220 220 0.37078868721190916 194 82 197 76
310 1.8194878760945161 -0.44530702217467311 12.556562126411041 122 124 130 0.66302951850756819 194 37 195 30 197 67 198 79 199 43 200 61 202 97 201 84 203 83 166 1
26 1.2915814904687839 -0.6124426887983182 12.01217662805572 87 92 104 0.5303656628880361 191 63 194 68 196 56 192 87 197 60 198 70 200 94 202 88
567 1.3467254380607805 1.965230571369275 13.924358138269174 46 46 46 0.4506049585661846 201 194 203 205 205 213
170 1.475412480970721 -0.60429923813837894 11.961543034494234 108 109 114 0.84161913968310376 193 128 195 114 189 135
168 -2.4995585524237041 -0.52916683873618875 11.24722278452662 138 137 137 1.471322313354275 191 85 196 54 195 109 197 127 198 121 200 154 199 66 202 178 201 106 203 179 209 168 189 101 188 119 205 163 187 107
141 1.8592116617986887 -0.47910866557784221 11.941674011123261 122 124 126 1.4468429726401328 194 35 195 28 192 55 199 16 200 59 189 82 166 14
682 2.1203947051395886 -0.50902862039779695 12.50034201744516 120 123 125 1.5568236359240502 189 83 188 38
1122 4.2245999398778267 1.6744766930720396 13.52777360791849 48 48 47 0.906585781365015 209 189 206 194 204 154 207 155
40 2.2807139444013229 -0.28967013110904183 12.643750952390965 77 84 97 1.6640709337208763 191 95 194 109 196 98 193 101 195 91 192 124 197 107 188 128 187 93
270 3.1807652322519862 0.57717162513481168 13.048018383311963 131 132 132 0.65198776010437287 191 205 193 209
811 -0.98635741839740865 0.39598115396826045 5.1045319613225777 228 228 228 0.89805437516033582 189 282 188 271
39 1.7403781696944847 -0.60810329356164172 12.134568159983083 143 144 148 1.0237178946044174 191 91 194 135 196 123 193 94 192 119 166 79
295 7.4126124224055205 0.74635674027333998 16.240638474109193 99 104 120 1.6950722448579623 193 239 191 244 189 252
322 1.6757716003634187 -0.36123754489851334 12.507296732984628 130 133 145 0.57193161149798388 196 96 197 105 198 110 199 105 203 135 204 116 209 111 205 95 206 106 207 91 208 82
38 1.0257517204821391 -0.55687880201997142 11.908240507619535 188 188 190 0.59202614395475928 191 90 194 101 196 92 193 90 195 85 192 116 197 98 198 104 200 136 199 101 202 125 201 119 203 127 204 105 209 104 189 109 205 88 206 96
579 8.2300464873419052 -1.7142334951937614 18.967065396971488 142 142 142 1.0624451845583316 200 260 202 242 201 253 199 217 203 271 204 244 198 209 197 208 195 190 205 243 196 207
1120 8.0092359599680805 -1.337580425917275 19.592541912812756 61 61 61 0.23996364319778021 209 178 206 183 207 146
422 1.2563788402048692 -0.76820683339581231 12.39609498108894 165 165 165 1.7512067048957758 192 85 196 120 198 98 199 95
165 -2.5387912698768123 -0.62543363858614331 11.227110526833343 140 139 139 1.3674632168616689 191 108 195 105 193 123 200 191 196 152 203 175 189 130 188 118 188 151 209 199 204 196 202 176 192 143 187 104
679 -3.5118995432079148 0.58669549918476949 11.937689055045515 72 76 87 0.086138185233030837 191 50 189 60
37 0.59703566999524971 -0.53614829743545311 11.946327871959731 217 218 219 1.0596444252559547 191 87 194 98 196 91 193 89 195 84 192 115 197 97 199 128 189 106 188 96 187 89
578 8.2056164097764306 -1.7085642662087863 18.913356402059961 142 142 142 1.0733136327222232 200 259 202 241 201 252 199 216 203 270 198 208 204 243 197 207 195 189 196 206
1119 7.9684224520768252 -1.4056872848828872 20.126282755844276 23 23 23 0.39947808873314478 209 176 206 181 207 118
421 1.4531837387839763 -0.84897447284168692 11.439106560814157 150 150 150 1.0411607350718954 198 66 200 90 199 90
164 1.5868722935772313 -1.1020131388758792 12.06331793873634 124 124 124 1.5808868675180339 194 89 196 51 195 102 193 116 192 107 197 87 198 145 199 153 200 216 202 194 201 198 203 210 204 190 209 224 205 184 206 212
293 6.5413476047221426 0.13313893883625202 14.311487043691578 14 14 14 1.9833120107924831 191 242 193 255 192 272 188 258
320 1.1305137999329185 -0.86022349299428424 11.877026456517711 157 157 157 1.4368177614869408 195 107 197 92 205 79 206 133 209 94 207 133
573 7.3678283934812754 -0.7006860015847769 17.879502691340864 42 42 42 0.13425722004432983 202 227 201 221 203 231
32 1.6156143545149393 -0.42477029176521286 12.223894115777163 129 132 142 0.67543551755935261 191 69 194 74 196 63 193 74 195 66 192 92 197 102 198 107 200 102 199 76 202 131 201 125 203 134 204 114 209 150 189 85 205 144 166 6
1087 0.37220484203819371 0.033818342459762604 12.526399591248754 53 54 59 1.2261266574062399 189 116 192 96 159 93 161 69 201 156 198 81 204 150 209 185 205 149 166 54
5 1.3739711192476824 -0.46081440186390171 12.075835713457952 99 104 116 0.79843191757738419 191 25 194 16 196 5 193 47 195 14 192 31 197 28 198 25 189 30
546 0.13214369225568409 -0.049402368116745463 12.495438314299967 118 120 125 1.2479387125132653 202 69 201 60 204 50 209 42 159 29 189 33 161 22 208 63 207 64
416 1.6275844381549314 -0.31654584204668601 12.24073748731745 103 107 119 1.5018568499815963 193 75 199 77 191 70 203 136 204 118 188 71 205 97 206 108
31 1.3911919490314633 -0.43722861482663772 12.138002844679299 66 69 80 0.5118813295936544 191 68 194 72 196 62 193 73 195 64 192 91 197 65 198 76 200 139 199 73 202 130 201 124 203 133 204 112 187 90
287 -0.36047963619268308 0.11625072481205151 3.1797784708121628 99 104 119 0.65818117426061906 193 226 192 262
30 1.4058433095835754 -0.60459937845442147 12.274685996766685 129 130 131 1.5964365000812708 191 67 194 100 196 95 193 93 195 87 197 100 198 103 199 99 202 92 203 76 204 68 205 56 206 71 209 61 207 82 166 44 159 87 161 40
571 -2.4902176265176661 -0.31929658572204822 11.261272898909102 115 115 116 1.1993480691677734 197 164 198 126 199 165 200 200 201 214 203 124 204 100 209 101 192 48 187 86
139 5.5865173680958362 -0.88399215317190449 13.654832212300352 75 75 75 0.39264819987857547 191 23 193 28 192 51 189 55
680 -3.9139380011121081 0.85959606328761917 12.252601740811784 220 220 220 1.5537479989380829 191 75 189 61 192 97
266 -2.6696138805587988 -1.0345850216418642 11.207772434650877 176 175 175 1.2582661084349522 191 216 192 223 193 230 189 241 188 229 198 206 187 192
550 -1.1820569072478326 -0.33776170593093185 11.489627474423957 97 96 96 0.12971580313729983 191 43 193 45 187 33
1091 -2.3913295465120807 -0.37968646643798171 11.736918008140506 121 126 142 0.7594045475971628 201 3 203 2 204 4 205 1 206 5 209 17
9 0.73200735275503515 -0.057686111034465054 12.112112629428047 88 91 98 1.0969710677553424 191 29 194 18 196 35 193 30 195 16 192 34 197 42 198 27 200 68 199 47 202 73 201 42 203 53 204 52 209 43 189 35 188 24 159 7 161 7 205 43 206 50 207 68 208 49 187 38
577 1.0981577492771144 2.1196689662248698 14.081331989256391 107 107 107 1.5443952118940711 200 246 201 246 205 232 206 247
1118 2.8430213245673621 -0.99974592296579956 13.370453202505001 24 35 56 0.51725527699501639 205 165 206 173 207 135
8 0.36508574846440123 -0.036760554227450649 12.554322462799458 99 101 107 1.302698348082886 195 35 197 40 202 71 200 66 200 16 203 87 204 33 209 70 207 69
549 1.4713482377023541 -0.83148666994811982 11.696602015710123 141 141 141 0.51323123875518206 199 65 201 75
1090 1.2447929360575929 -1.0997100325898221 11.900728785124308 101 101 101 0.56523370951803831 205 0 206 1
319 1.6584029151060848 -0.95119523165070086 11.701418942956263 153 153 153 0.73141654743583073 195 80 196 83 197 90 194 131
7 0.7241076938231028 -0.083123535617249611 12.076373874995912 106 109 116 1.2668092567412512 191 27 194 17 196 17 193 29 195 34 192 33 197 30 198 26 200 65 199 18 202 67 201 58 203 51 204 48 189 34 209 40 188 21 159 30 161 24 205 40 206 79 205 62 207 52 208 67 166 9
1089 -6.1167351254499476 1.1116898292621833 13.470513508095308 198 198 198 1.0122252660554956 203 92 209 49 205 67
548 1.7830460116594742 1.986592446386412 13.975343280166069 159 158 157 0.7899507977058372 201 66 203 66 204 60
134 1.3685738593107304 -1.1619978365218668 11.89656309044809 65 65 65 0.66533734590272009 191 2 195 1 193 16 194 12 192 12 197 15 189 18
547 1.0666216156693054 1.9981919501774754 13.975697473386727 141 141 141 0.31329716200252633 202 45 201 63 203 41 204 59 209 85
1088 -5.8788766441291731 0.88751666522989825 13.236647092877149 198 198 198 0.62052760579983546 203 39 205 45
258 -3.1346543911704314 -0.78818131755746301 10.624736141420769 0 0 0 1.8238196988110749 193 193 196 178 194 184
1083 4.5634755425621565 1.4663652163343128 14.512048350215768 73 73 73 0.85030478432287426 204 255 209 272 205 252 206 265 207 217 208 207
1 -2.6526032824930099 -0.87519701364137492 11.177751390016656 180 179 179 1.0341574935202451 191 1 194 11 196 10 193 5 195 8 192 11 197 12 198 10 200 30 199 29 202 48 201 37 204 21 209 32 188 12 205 28
14 -2.7021424695108442 -0.80279357703876186 11.048045131531381 125 124 125 0.9922625662791138 191 37 194 29 202 51 194 0
555 -2.4852999572654531 -0.28250966314889975 11.615326587521377 117 121 134 1.0738344611294104 201 121 203 78 204 69 198 73 205 93 206 101
582 -5.8635111220454084 0.97615496100140053 13.159450578057033 204 204 204 1.2368743411026242 198 211 199 222 200 265 202 247 201 257 203 261 206 258 204 250
41 3.4931992698512819 0.1852836511520696 13.063115400154665 93 93 93 1.3888354924507316 191 96 194 111 192 155 195 94
272 7.9344633885664946 0.52801839075644019 16.120512044438492 45 45 46 2.1898309248661652 193 221 192 233 191 225 189 229
556 -2.385459084661981 -0.27762560773560385 11.286994336528791 117 121 134 1.1165162436047005 197 63 198 74 199 103 201 122 203 79 187 58
1124 4.3199588020384949 1.1417650154683017 14.608729357993813 13 13 13 0.58971606190150672 209 216 206 209 207 171 208 156
42 -2.7889945601365476 0.44201833210106278 7.0183395287637582 185 185 185 1.3321152716929776 191 98 194 113 196 68 196 134 197 139
16 1.5002990499450237 -0.62884800441572242 12.168987154785256 93 95 102 0.99416379148684009 191 42 194 5
17 -1.3935098122004879 -0.38937697022078194 13.1940740495338 97 96 96 1.4173012296150103 194 33 196 31 195 26 198 42 199 39 200 54 202 58 201 79
558 -16.339435542944049 5.8751044378007879 22.605474659853186 189 189 189 0.53183950813758296 200 147 201 132 203 143
1099 -4.6172248288066902 0.43765492150967977 12.930229073232994 180 181 184 1.3769418231633495 200 39 203 38 206 52 199 19 207 54
328 1.3373121865074831 -1.0809455412706981 12.143703129260974 85 85 85 0.22325420430699938 196 80 197 116 200 118
401 0.89407589483052519 2.1140545213581521 14.238141212097798 123 121 120 0.73927649028766518 200 288 199 241 198 232 202 267 201 269 203 279 204 259
685 1.5809938331990803 -0.9548389284768507 12.516093814968057 121 121 121 1.7752784549989906 189 96 188 87
144 0.30568286932366501 -0.0060922335924019399 12.450823772871132 115 116 122 1.4911900551773909 193 56 194 41 195 37 196 64 192 60 197 43 197 68 200 69 200 103 202 101 204 73 209 73 189 58 206 82 205 63
171 2.0066177417921112 -0.61154570819644782 11.911913806416715 111 115 122 1.7827534706281327 196 59 195 115 191 92 197 133 199 129 200 162 189 108 193 95 192 49 193 44 161 43 159 88
1253 -0.31054877955824839 -0.42569275196965883 12.211677162730595 221 222 222 0.67621882745036677 159 203 195 182 196 198 166 180 161 156
18 1.6057444774804452 -0.472404731600019 12.091978525046954 138 140 148 1.2284534165333758 191 44 194 71 193 72 192 90 197 64 202 129 201 82 189 80 188 37
402 7.2385538165595156 -1.1092551562868138 16.8772506153881 51 51 51 2.53901342443725 198 18 199 3 196 13
1101 -5.5850954633288694 0.95811890767168884 13.034027019614175 193 193 193 0.34418528431217776 205 103 206 55
560 -13.953367086494278 0.47986360434134445 21.036241397605728 128 128 128 0.60623503070525786 202 159 201 155 203 162 204 180 205 176 209 183
1128 7.9190241501710146 -0.70906679749646351 18.7220775454647 57 57 57 1.4988771431544992 205 224 209 233 206 237 207 189
587 -2.6055305271255542 -0.76346766816890221 11.795475312982497 0 0 0 1.6138625855428592 192 173 199 180 198 177 197 156 194 153
46 2.9480571414292247 -0.86780508211185448 12.6719519489954 54 64 82 1.8961007133504901 194 167 196 158 195 148 192 147 200 194 199 185 202 206 191 115 193 126
714 -6.1326674167720299 0.97863851896724263 11.68121122625336 231 231 231 0.96418151148212106 191 223 189 208
1255 1.4569317861163569 -0.062399961549431684 12.33834484869206 112 117 135 0.20095668231717617 161 159 166 186
146 0.8529943303569627 -1.1663525829733441 11.769880179182138 231 231 231 0.51786905147889706 196 45 195 49 192 77 193 66 197 52 198 60 200 84 202 111 201 101 203 109 204 86 205 111
687 1.6502011535297807 -0.22190888987217539 12.313424693033618 91 96 109 1.2042503548333758 191 123 193 133 189 114 188 73
1103 -6.3213331776950987 1.1287582275753705 14.166444197166104 226 226 226 1.5974978741462651 204 76 206 58 209 81
21 0.73499956536900046 -0.033537718327849644 12.102282511112037 113 115 123 1.0914826791684544 191 49 194 42 196 36 193 58 195 39 192 95 197 44 198 46 200 72 199 48 202 103 201 88 203 55 204 53 209 75 189 59 188 48 159 53 166 10 187 68
405 1.3361955489404187 2.077983176448511 14.327484626406076 111 111 111 0.19381128191328009 198 9 199 7 202 12
148 1.0444396617127876 -0.90013786247964056 11.832393035765186 194 194 194 0.85767087386007546 191 38 195 56 198 65 200 125 199 63 202 83 201 74 203 114 204 89 209 93 189 23 205 119 206 130 207 78
689 -3.1474690134055119 0.54302505483365671 7.7083578398136501 0 0 0 1.9786055778891045 195 72 193 61 192 127
23 0.85167117768759071 -1.157924634869208 11.693192793482293 230 230 230 0.71929889204555419 191 58 194 55 196 44 193 34 193 65 195 48 192 76 197 51 198 59 200 83 199 84 202 110 201 100 203 108 204 85 209 124 189 66 205 110
150 -2.4297827921994819 -0.36101167422788305 11.284148921430166 132 135 145 1.642899172102716 193 70 195 62 197 96 198 101 199 96 188 94 203 122 201 76 204 44 209 99 187 53
565 -16.106862585283746 3.2871122427666712 24.524511489659968 147 147 147 0.43729381341549733 200 207 202 163 201 186 203 165
1106 0.19935089651510179 0.0039978701930912571 12.343725506764091 80 82 89 1.6207890700301852 198 80 199 79 209 72 206 81
408 1.87292137541561 -0.56388923128098389 11.610982811771379 93 97 103 0.86760750677565479 192 30 196 15 199 14
151 1.7664838098525566 -0.46832880235580143 12.424845315473704 116 117 121 1.5245779797516037 193 49 194 73 196 32 195 65 192 57 197 66 198 77 200 100 199 74 202 95 201 83 189 31 188 8 203 82 204 113 209 66 205 59 206 74 207 61 208 59
566 10.923917808535665 1.5298673196143433 21.634899422811358 54 54 54 0.77643824676360351 200 176 201 188 203 199
25 1.202910896293965 -0.90834573442896371 11.837958056347929 161 161 161 0.67576437427986802 191 60 194 61 193 86 192 108 189 95
152 0.49294756284337188 -0.013824652183492195 12.045238292164285 114 115 119 1.2111178998413363 193 57 195 69 192 94 202 102 200 105 204 74 209 74 205 99 206 83 207 53 187 66
283 3.9715037522127918 0.25926112125085171 13.236093840251812 8 9 8 1.1541122202778451 193 238 192 253 191 241
55 3.3666413949666243 -1.3215711801134751 12.762313751184728 59 60 60 1.6833882198006533 191 133 194 186 196 181 193 145 195 165 192 166 197 150 198 176 200 243 199 197 189 155
596 0.63687959783964798 -0.44814684183636294 12.047686449224607 121 125 135 1.8784740135207942 198 23 200 14 203 48 209 37 206 23 207 26
1137 -5.8710541179852846 0.97818584584449686 13.175049754000153 158 158 158 1.2233569920305083 204 251 209 265 198 212 200 266 202 248 201 258 199 223 203 262 206 259
1110 -4.1930942150913078 0.88739224109775505 13.115516901657454 70 74 86 0.50179307455819366 198 84 200 106 201 91 202 105 203 91 204 126 205 104 209 156 197 74 206 114 207 98
28 1.2234746544249273 -0.57050034247408321 11.916238808694555 147 148 150 0.83663507270088144 191 65 194 102 196 93 193 91 195 86 192 117 197 99 198 102 200 137 199 102 202 122 201 120 203 128 204 106 189 110 209 105 205 89 206 97 207 83 208 57
56 1.9118181826843677 -1.0053400491027507 11.961418592213409 134 134 134 0.5605786698698797 191 139 194 156 196 149 193 151 192 175 189 159
597 -2.9129785001611856 -0.85020073194516799 11.437770697231237 164 164 164 0.6444676595142983 200 48 202 50 203 71 198 35 199 10
1138 0.63340377909654655 -0.046124178806675256 12.462880625362324 82 83 88 0.92047265364902986 204 181 209 184 200 205 201 183 206 208 207 169 208 153
29 1.3828323702556393 -0.58620380181263487 12.091713574623203 129 130 131 0.64797314240200543 191 66 194 99 196 94 193 92 192 118 199 98
60 1.1487446011285338 -0.52117285463597685 11.985412118777511 98 103 118 1.65066229533625 191 150 193 167 195 151 200 228 202 209 201 216 203 225 204 203 209 206 189 166 205 197 188 155
601 1.6010318279011271 -0.57273907150014802 11.511922875856708 170 171 172 0.87843777738893192 202 153 203 160 204 148 209 143 205 135 206 95 207 114 208 74
65 3.5133048615416813 -1.4631214836437936 12.674849893776813 46 47 47 1.6074425820057801 194 182 193 191 192 201 196 196 195 181 197 187 191 179 189 204
606 -2.5869431735331854 -0.41601142416724002 11.346009714131643 126 125 125 2.3843626913372833 197 177 198 158 199 161 201 209 203 183 204 198 209 174 200 196
1147 7.8417541877220751 -1.3171647163902354 19.691399727259519 58 58 58 0.52198576250444428 209 65 207 59 208 47
323 1.6761306476306561 -0.36174012803850458 12.511968245989422 130 133 145 0.56341296340801517 194 108 196 97 197 106 198 111 204 117 209 112 205 96 206 107 207 92 208 83
66 -2.6235038926589564 -0.85030625958994688 11.205304693765566 161 160 160 0.95095242501785215 191 180 194 185 196 180 193 195 195 163 192 205 197 170 198 175 200 213 199 176 202 222 201 228 203 240 204 215 209 222 189 177 188 172 205 215 187 154
607 1.5132032263606747 -0.62791680174975528 11.728184692158795 108 111 118 0.90858351109643609 201 176 203 186 205 133
1150 4.7340904239149202 1.3239061421353286 14.483798925347106 47 47 47 0.58365893988772422 204 78 207 72 208 50
609 4.7865601580551358 1.1818371677987574 14.585997263330771 25 25 25 1.7245636389728778 201 187 203 198 209 188 204 153 205 180 206 193 207 154 208 157
326 1.3221985516040295 -1.1483032235532054 12.111050776924689 67 67 67 0.62509444535039571 194 88 195 76 196 49 197 114 198 116 200 150 202 172 201 135 203 169 204 157
69 -2.435814187792757 -0.93795904390376306 11.265787426150208 91 89 120 1.0768365978144225 191 198 194 198 196 177 193 192 195 161 192 218 197 188 198 191 200 242 199 175 202 221 201 227 189 176 188 171 203 239 209 221 205 181 187 152
610 1.3492357558924999 1.9787275818774614 14.017721102159079 45 45 45 0.37319143667410365 201 193 203 204 204 212
1151 4.7340904239149202 1.3239061421353286 14.483798925347106 47 47 47 0.58365893988772422 204 79 207 73 208 51
329 1.6847018338085615 -1.0543896716300085 12.466981411052679 118 118 118 0.69683292577329226 196 111 197 118 194 128
613 -4.2171730119490514 0.31045127471527351 12.543450826876722 231 231 231 1.892826399470563 200 169 202 186 203 232 204 182 205 207 206 227 207 182 199 108 209 212
1154 8.285732855242399 -1.2973540212216663 19.568807660177026 62 62 62 0.30674512486559929 206 102 207 87 208 79
614 4.9311767628156611 0.98258244130162309 14.731228384447643 5 5 5 1.5107284963472833 201 233 203 248 209 248 204 223 204 233 206 244 207 194 208 184
1155 1.9900112538460886 -0.25555505973685178 12.286349182643622 74 80 87 0.58458115481120942 206 157 209 113 207 123 208 119
331 1.5034795172220818 -0.84443931758497726 11.344765284544202 112 112 112 1.5277093418683085 195 106 197 122 196 87 194 132
