# Camera list with one line of data per camera:
#   CAMERA_ID, MODEL, WIDTH, HEIGHT, PARAMS[]
# Number of cameras: 23
90 PINHOLE 1280 720 416.44611138458754 476.37028736272651 640 360
89 PINHOLE 1280 720 351.92708053379499 401.28079390445077 640 360
88 PINHOLE 1280 720 277.82587634209801 311.1528888978583 640 360
87 PINHOLE 1280 720 266.24305704741397 291.70190141021226 640 360
86 PINHOLE 1280 720 253.77577638417335 271.27540337215424 640 360
85 PINHOLE 1280 720 241.68182771062004 252.7279947312332 640 360
84 PINHOLE 1280 720 229.21544276653603 237.38031046507015 640 360
83 PINHOLE 1280 720 227.48546698353366 235.21543060298325 640 360
82 PINHOLE 1280 720 225.89628978922244 232.71345389445025 640 360
81 PINHOLE 1280 720 223.78679374769328 230.05242933339812 640 360
67 PINHOLE 1280 720 235.29733065638203 229.36350589150501 640 360
80 PINHOLE 1280 720 230.14835720984954 232.65967601225623 640 360
68 PINHOLE 1280 720 235.59567145764504 229.63171518479353 640 360
69 PINHOLE 1280 720 235.83149369017693 229.72565416404382 640 360
70 PINHOLE 1280 720 235.38843745645605 229.59990515211408 640 360
71 PINHOLE 1280 720 236.30981520256321 230.10549793156585 640 360
72 PINHOLE 1280 720 237.85787531190795 230.97374018152706 640 360
73 PINHOLE 1280 720 244.13776738511575 235.05362989494057 640 360
74 PINHOLE 1280 720 248.05816441179306 240.50001317822884 640 360
76 PINHOLE 1280 720 318.19942144950295 316.35645164132336 640 360
77 PINHOLE 1280 720 268.06501345819549 266.49950907233051 640 360
78 PINHOLE 1280 720 226.34775097686301 227.95459004259448 640 360
79 PINHOLE 1280 720 228.69082649588663 230.41825522414641 640 360
