# Camera list with one line of data per camera:
#   CAMERA_ID, MODEL, WIDTH, HEIGHT, PARAMS[]
# Number of cameras: 22
183 PINHOLE 1280 720 1040.7507485041506 1819.2636374206063 640 360
180 PINHOLE 1280 720 245.69440619101189 457.33110246300771 640 360
54 PINHOLE 1280 720 1569.2619308804469 1142.0538159288415 640 360
53 PINHOLE 1280 720 1491.9567344193126 1232.3277311157362 640 360
52 PINHOLE 1280 720 1436.0191014415461 1339.258419830863 640 360
184 PINHOLE 1280 720 1000.6301772344318 1802.4768536214985 640 360
39 PINHOLE 1280 720 1888.0169692894003 2278.511801373566 640 360
185 PINHOLE 1280 720 1024.755504396619 1829.4602374553278 640 360
40 PINHOLE 1280 720 1791.7560489919758 2430.1518112440276 640 360
186 PINHOLE 1280 720 1825.0276820391082 2378.1937355411765 640 360
41 PINHOLE 1280 720 1598.1365353532294 2583.9183318657601 640 360
187 PINHOLE 1280 720 4952.5242094204241 3266.0337547549707 640 360
42 PINHOLE 1280 720 1486.2641622630342 2748.3149098503868 640 360
43 PINHOLE 1280 720 1390.8020735198904 2752.497552289979 640 360
44 PINHOLE 1280 720 1627.3387454906674 3263.7687967916613 640 360
45 PINHOLE 1280 720 1486.3521535058308 2793.9520311362626 640 360
46 PINHOLE 1280 720 1393.6497921699722 2455.2355100779132 640 360
47 PINHOLE 1280 720 1355.3930804150657 2181.4501432822549 640 360
48 PINHOLE 1280 720 1332.9492363161312 1958.950016063686 640 360
49 PINHOLE 1280 720 1344.7240244805359 1773.36141859861 640 360
50 PINHOLE 1280 720 1374.8682088267367 1607.4718065198554 640 360
51 PINHOLE 1280 720 1380.3899662483734 1465.3748939157397 640 360
