# Camera list with one line of data per camera:
#   CAMERA_ID, MODEL, WIDTH, HEIGHT, PARAMS[]
# Number of cameras: 201
208 PINHOLE 1280 720 948.49467814721879 945.00053302832953 640 360
207 PINHOLE 1280 720 444.86439156119621 637.06641757356715 640 360
206 PINHOLE 1280 720 457.19383373353435 794.34615009596848 640 360
205 PINHOLE 1280 720 2953.1835883148615 2978.528617844323 640 360
204 PINHOLE 1920 1080 1371.0430237941009 1358.3626957914423 960 540
203 PINHOLE 1920 1080 1371.023808398457 1359.5215087154825 960 540
202 PINHOLE 1920 1080 1370.2335364521859 1357.6302603674328 960 540
201 PINHOLE 1920 1080 1372.5796162053941 1360.0653844511003 960 540
200 PINHOLE 1920 1080 1373.2294809131818 1360.6110332980545 960 540
199 PINHOLE 1920 1080 1373.9080837821009 1361.2832879086791 960 540
198 PINHOLE 1920 1080 1375.1183681495199 1362.2578233751851 960 540
197 PINHOLE 1920 1080 1380.0740873321899 1367.7046951712666 960 540
196 PINHOLE 1920 1080 1379.6228065781845 1367.6495925118866 960 540
195 PINHOLE 1920 1080 1384.214034920414 1373.7167821091107 960 540
194 PINHOLE 1920 1080 1386.2353448392967 1375.574553323665 960 540
193 PINHOLE 1920 1080 1391.3616567798608 1380.1778209189961 960 540
192 PINHOLE 1920 1080 1392.72555197254 1382.3938567425121 960 540
191 PINHOLE 1920 1080 1395.7547653269664 1385.0657939807934 960 540
190 PINHOLE 1920 1080 1393.2067879047163 1384.119982609863 960 540
189 PINHOLE 1920 1080 1395.259313355564 1386.2879479967576 960 540
188 PINHOLE 1920 1080 1393.5809034909817 1386.58176171074 960 540
187 PINHOLE 1920 1080 1392.8593450773349 1385.4612922135261 960 540
186 PINHOLE 1920 1080 1391.8451980357286 1386.1858491634678 960 540
185 PINHOLE 1920 1080 1391.8134915169828 1386.7895802254081 960 540
184 PINHOLE 1920 1080 1390.0408892951198 1386.5131195852698 960 540
183 PINHOLE 1920 1080 1391.7710892275782 1388.337865625929 960 540
182 PINHOLE 1920 1080 1389.3458728369931 1387.1636545946578 960 540
181 PINHOLE 1920 1080 1387.334044847172 1385.1017060633508 960 540
180 PINHOLE 1920 1080 1385.8797156207945 1383.5440826991949 960 540
179 PINHOLE 1920 1080 1384.5995602252574 1384.2992896747082 960 540
178 PINHOLE 1920 1080 1384.2450828995497 1384.9745897890077 960 540
177 PINHOLE 1920 1080 1384.9797587334117 1385.6762698088021 960 540
176 PINHOLE 1920 1080 1385.8392122656701 1387.4211588748951 960 540
175 PINHOLE 1920 1080 1383.8376999546899 1387.6357557733531 960 540
174 PINHOLE 1920 1080 1381.3646267561116 1386.8024815534475 960 540
173 PINHOLE 1920 1080 1380.0758706380386 1384.5147916772241 960 540
172 PINHOLE 1920 1080 1380.4669394610432 1384.9775859871743 960 540
171 PINHOLE 1920 1080 1379.2848534745067 1383.7716368263941 960 540
170 PINHOLE 1920 1080 1379.872684709542 1384.9669590306594 960 540
169 PINHOLE 1920 1080 1380.3435503871567 1384.6909122375762 960 540
168 PINHOLE 1920 1080 1381.5607990535407 1386.4578386484052 960 540
167 PINHOLE 1920 1080 1381.9277916278288 1386.3618479503098 960 540
166 PINHOLE 1920 1080 1382.1304678885551 1385.6788996349519 960 540
165 PINHOLE 1920 1080 1383.2780797597952 1387.5222530503142 960 540
164 PINHOLE 1920 1080 1386.487438657362 1391.180715753796 960 540
163 PINHOLE 1920 1080 1384.0065411270034 1388.0166699306556 960 540
162 PINHOLE 1920 1080 1382.2373333655994 1386.6525255537474 960 540
161 PINHOLE 1920 1080 1383.5669581823372 1388.3088244509092 960 540
160 PINHOLE 1920 1080 1383.6724414731711 1389.3001065577596 960 540
159 PINHOLE 1920 1080 1385.4473204117978 1390.139120365453 960 540
158 PINHOLE 1920 1080 1387.5628290800705 1392.605313711141 960 540
157 PINHOLE 1920 1080 1390.1942384058366 1394.3389605244035 960 540
156 PINHOLE 1920 1080 1392.3493776767332 1396.9851641476873 960 540
155 PINHOLE 1920 1080 1394.5053100584271 1398.0001110216958 960 540
154 PINHOLE 1920 1080 1394.2346369269817 1398.3088531884616 960 540
153 PINHOLE 1920 1080 1396.6749939364772 1400.9910221061818 960 540
152 PINHOLE 1920 1080 1397.8589904652533 1401.6979273414604 960 540
151 PINHOLE 1920 1080 1398.6790759281928 1402.540008624137 960 540
150 PINHOLE 1920 1080 1401.7519095641851 1405.9441500711664 960 540
149 PINHOLE 1920 1080 1401.0303580918915 1403.9188977605984 960 540
148 PINHOLE 1920 1080 1402.0643474829369 1406.0531637488664 960 540
147 PINHOLE 1920 1080 1403.5932082580618 1406.9166757105854 960 540
146 PINHOLE 1920 1080 1403.263238202223 1404.851088907126 960 540
145 PINHOLE 1920 1080 1404.8040199607672 1405.6598274108542 960 540
144 PINHOLE 1920 1080 1404.8096086066607 1402.0460754399055 960 540
143 PINHOLE 1920 1080 1406.4575433022292 1403.5979023238824 960 540
142 PINHOLE 1920 1080 1408.557424959833 1406.1338069575645 960 540
141 PINHOLE 1920 1080 1408.0373872995829 1406.2132634205605 960 540
140 PINHOLE 1920 1080 1408.6411760770604 1408.2033781204382 960 540
139 PINHOLE 1920 1080 1413.2426493873002 1414.8110166286529 960 540
138 PINHOLE 1920 1080 1381.4429460014928 1388.4742633936323 960 540
137 PINHOLE 1920 1080 1411.3003613568369 1412.1536308710183 960 540
136 PINHOLE 1920 1080 1414.9062887074645 1414.1515207572004 960 540
135 PINHOLE 1920 1080 1413.2279719892324 1406.8867400421614 960 540
59 PINHOLE 1920 1080 1819.1342714697587 1593.8899657065845 960 540
58 PINHOLE 1920 1080 1766.1688877914119 1561.2408611811361 960 540
57 PINHOLE 1920 1080 1745.9406534938573 1547.6205239942617 960 540
56 PINHOLE 1920 1080 1749.23854600097 1546.8194576612289 960 540
55 PINHOLE 1920 1080 1783.2948919023854 1568.1204016174595 960 540
54 PINHOLE 1920 1080 1810.9492122059046 1570.0379502919557 960 540
53 PINHOLE 1920 1080 1851.0912964233707 1569.5277690298919 960 540
52 PINHOLE 1920 1080 1851.091296423371 1569.5277690298922 960 540
51 PINHOLE 1920 1080 1897.7634991410087 1509.8499920627514 960 540
50 PINHOLE 1920 1080 1897.7634991410082 1509.8499920627512 960 540
49 PINHOLE 1920 1080 1363.9920479523889 1357.2099068816328 960 540
48 PINHOLE 1920 1080 1376.6197473656684 1369.5779113410665 960 540
47 PINHOLE 1920 1080 1383.7841845466914 1377.2304875542625 960 540
46 PINHOLE 1920 1080 1384.8076133180305 1378.6918121721324 960 540
45 PINHOLE 1920 1080 1390.0714748995968 1384.2952073423387 960 540
44 PINHOLE 1920 1080 1395.2456126415525 1390.2529757810307 960 540
43 PINHOLE 1920 1080 1394.9799851666071 1390.4196613266497 960 540
42 PINHOLE 1920 1080 1390.9606731844763 1384.5030157586593 960 540
41 PINHOLE 1920 1080 1391.0371975021408 1385.4431991568135 960 540
40 PINHOLE 1920 1080 1391.4180835678583 1386.10912408883 960 540
39 PINHOLE 1920 1080 1389.7428413639122 1383.4741363435455 960 540
38 PINHOLE 1920 1080 1395.5070859643274 1388.4326381884641 960 540
37 PINHOLE 1920 1080 1391.7067358943841 1383.8579813216745 960 540
13 PINHOLE 1920 1080 817.88659238190451 1487.1915117690091 960 540
12 PINHOLE 1920 1080 663.8286244983143 1433.8293793525256 960 540
11 PINHOLE 1920 1080 554.44784164351313 1394.0164070524663 960 540
10 PINHOLE 1920 1080 486.13669794200558 1268.6819808260309 960 540
9 PINHOLE 1920 1080 514.10322259139332 1223.1093074698442 960 540
8 PINHOLE 1920 1080 508.81920253551544 1160.5286555681919 960 540
66 PINHOLE 1920 1080 2678.9469518992159 1893.155717931176 960 540
7 PINHOLE 1920 1080 497.46279471078765 1091.6429195566614 960 540
134 PINHOLE 1920 1080 1423.2023086238862 1422.7437082245958 960 540
36 PINHOLE 1920 1080 1393.080084069476 1386.7756174280328 960 540
65 PINHOLE 1920 1080 2631.1036285000382 1928.1095575298316 960 540
6 PINHOLE 1920 1080 483.14619951487714 1020.9440260498183 960 540
133 PINHOLE 1920 1080 1433.8833779859501 1426.9860171747057 960 540
35 PINHOLE 1920 1080 1394.6023745015527 1387.8288820695061 960 540
64 PINHOLE 1920 1080 2644.5717285660539 2019.2446048539277 960 540
5 PINHOLE 1920 1080 463.3603424412799 944.89299215490792 960 540
132 PINHOLE 1920 1080 1425.2586085051978 1426.3593919008292 960 540
34 PINHOLE 1920 1080 1393.2931829405932 1384.3031052280317 960 540
63 PINHOLE 1920 1080 2385.0181696732357 1881.1169577547769 960 540
4 PINHOLE 1920 1080 437.73616287070689 860.00759721207248 960 540
131 PINHOLE 1920 1080 1421.7979886507767 1419.7640503218909 960 540
33 PINHOLE 1920 1080 1393.6197953381441 1381.9484779332172 960 540
62 PINHOLE 1920 1080 2443.8025292471589 2013.0005702865501 960 540
3 PINHOLE 1920 1080 411.60706909322698 779.63038494059811 960 540
130 PINHOLE 1920 1080 1418.0682341078243 1415.779897705341 960 540
32 PINHOLE 1920 1080 1396.8602819674936 1386.4674916006365 960 540
61 PINHOLE 1920 1080 2552.5376510334404 2185.3010043381073 960 540
2 PINHOLE 1920 1080 600.03288201908867 538.1598080755856 960 540
129 PINHOLE 1920 1080 1420.1471894290914 1419.8498609272606 960 540
31 PINHOLE 1920 1080 1397.7451623230845 1382.3683981134161 960 540
60 PINHOLE 1920 1080 1992.4848489128958 1723.0519217349106 960 540
1 PINHOLE 1920 1080 600.03542853971635 538.21871307126469 960 540
128 PINHOLE 1920 1080 1113.9683905732234 1131.1576247569194 960 540
14 PINHOLE 1920 1080 921.54275062619877 1496.9398862022551 960 540
15 PINHOLE 1920 1080 1012.4746723333606 1468.8042204801209 960 540
16 PINHOLE 1920 1080 1077.6876185655115 1390.5632505099036 960 540
17 PINHOLE 1920 1080 1167.4325607128485 1376.390700572337 960 540
18 PINHOLE 1920 1080 1278.6165668949257 1364.2999412669435 960 540
19 PINHOLE 1920 1080 1387.4531286129411 1352.9197551329535 960 540
20 PINHOLE 1920 1080 1523.395534443941 1318.1664084301324 960 540
21 PINHOLE 1920 1080 1486.7253375046344 1380.5487616291095 960 540
22 PINHOLE 1920 1080 1494.0708065612732 1448.30639963058 960 540
23 PINHOLE 1920 1080 1635.8823942658917 1592.6894699844952 960 540
67 PINHOLE 1920 1080 3022.331452295919 2051.6436366061507 960 540
68 PINHOLE 1920 1080 3202.5761921921426 2095.1835002701614 960 540
69 PINHOLE 1920 1080 3619.4910820302021 2242.564674952871 960 540
70 PINHOLE 1920 1080 3728.3418475207172 2206.6853743001761 960 540
71 PINHOLE 1920 1080 4000.7011266626346 2059.2008013914829 960 540
72 PINHOLE 1920 1080 2447.7963548438538 1369.3020100579554 960 540
73 PINHOLE 1920 1080 1724.8467377571367 1015.0969209979417 960 540
74 PINHOLE 1920 1080 1325.8873892221011 821.70333017833093 960 540
75 PINHOLE 1920 1080 1116.0568579878518 730.27116169277213 960 540
76 PINHOLE 1920 1080 940.51300285070056 665.45335962097568 960 540
77 PINHOLE 1920 1080 865.76121573488967 641.67142136810401 960 540
78 PINHOLE 1920 1080 827.84275934081336 645.37807760512896 960 540
79 PINHOLE 1920 1080 812.64822445967377 668.29413198704253 960 540
80 PINHOLE 1920 1080 811.44854864072636 706.44476657726477 960 540
81 PINHOLE 1920 1080 819.11921463267743 758.29739632825567 960 540
82 PINHOLE 1920 1080 829.23540758053468 821.05161418323746 960 540
83 PINHOLE 1920 1080 840.09577993727908 896.37722228750602 960 540
84 PINHOLE 1920 1080 847.79622759297104 990.59039247835665 960 540
85 PINHOLE 1920 1080 938.34836000119117 1048.7994669916568 960 540
86 PINHOLE 1920 1080 1159.1122400354022 1158.9902180554243 960 540
87 PINHOLE 1920 1080 1241.366388319942 1258.9751110035386 960 540
88 PINHOLE 1920 1080 1383.4426677922197 1526.9825997602081 960 540
89 PINHOLE 1920 1080 1526.0066969440618 1772.4947788672005 960 540
90 PINHOLE 1920 1080 1739.9939549702785 2091.1927365509509 960 540
91 PINHOLE 1920 1080 2017.1161689941298 2480.4103583847996 960 540
92 PINHOLE 1920 1080 2403.1771031531134 3056.2389276875156 960 540
93 PINHOLE 1920 1080 2603.0070484515404 3004.4122849868772 960 540
94 PINHOLE 1920 1080 1532.6235301333247 1307.8174646998286 960 540
95 PINHOLE 1920 1080 1508.9507937818742 1386.4333842629451 960 540
96 PINHOLE 1920 1080 1430.6005182762349 1454.1292189933199 960 540
97 PINHOLE 1920 1080 1430.6005182762344 1454.1292189933197 960 540
98 PINHOLE 1920 1080 1419.2522210388317 1443.5218502670978 960 540
99 PINHOLE 1920 1080 1422.9488710313517 1444.3126668416476 960 540
100 PINHOLE 1920 1080 1423.9214291709613 1437.0833613764664 960 540
101 PINHOLE 1920 1080 1407.9761296071458 1420.9028694929079 960 540
102 PINHOLE 1920 1080 1407.3490766878017 1413.2447275921822 960 540
103 PINHOLE 1920 1080 1403.9984764177184 1409.9323680057403 960 540
104 PINHOLE 1920 1080 1407.3443484993315 1409.4417879955513 960 540
105 PINHOLE 1920 1080 1407.3443484993329 1409.4417879955527 960 540
106 PINHOLE 1920 1080 1402.3633675937049 1402.5284327277197 960 540
107 PINHOLE 1920 1080 1402.3633675937056 1402.5284327277207 960 540
108 PINHOLE 1920 1080 1402.1670287067209 1401.381789063837 960 540
109 PINHOLE 1920 1080 1413.6091867582111 1412.5490083859152 960 540
110 PINHOLE 1920 1080 1408.4966620167145 1405.7191883848104 960 540
111 PINHOLE 1920 1080 1400.0771418450418 1395.5045662952275 960 540
112 PINHOLE 1920 1080 1412.007693516623 1409.7734695542506 960 540
113 PINHOLE 1920 1080 1399.929614720781 1401.3365421918259 960 540
114 PINHOLE 1920 1080 1400.7749295613635 1397.4497264869274 960 540
115 PINHOLE 1920 1080 1402.7578371992252 1402.3246019847029 960 540
116 PINHOLE 1920 1080 1410.0334337324407 1410.7180756108667 960 540
117 PINHOLE 1920 1080 1414.2453621169911 1414.6317106338856 960 540
118 PINHOLE 1920 1080 1409.455791230057 1409.6605169577274 960 540
119 PINHOLE 1920 1080 1410.1630663937774 1409.6751918283278 960 540
120 PINHOLE 1920 1080 1414.5262023807738 1417.5848512478422 960 540
121 PINHOLE 1920 1080 1408.683426970824 1405.8149959092766 960 540
122 PINHOLE 1920 1080 1410.3536712469743 1411.5278708353187 960 540
123 PINHOLE 1920 1080 1411.4998435295081 1413.0947890711584 960 540
124 PINHOLE 1920 1080 1411.9362284515032 1412.2382965734391 960 540
125 PINHOLE 1920 1080 1420.5126822095706 1426.4756673470836 960 540
126 PINHOLE 1920 1080 1415.5922773436464 1412.9107111744324 960 540
127 PINHOLE 1920 1080 1424.6712114118122 1423.186488618745 960 540
