# 3D point list with one line of data per point:
#   POINT3D_ID, X, Y, Z, R, G, B, ERROR, TRACK[] as (IMAGE_ID, POINT2D_IDX)
# Number of points: 385, mean track length: 3.9376623376623376
453 5.7332341209112689 -1.6408450289623313 17.991361952046152 130 130 130 0.93226284675619298 102 189 107 175 103 239 110 242 106 192 113 269
452 8.8219092192251853 0.70163965153423291 17.845788663914774 59 62 72 1.4428236865517328 107 170 108 164 109 240 110 267
450 4.5511903913050791 2.9797265085980573 16.914441169446192 59 62 72 0.64025357288063811 106 188 107 162 108 148
449 10.56694792338396 1.0845698049748171 14.796403726001502 0 0 0 0.61395924878835217 105 210 106 154 105 187
448 10.361668101161884 0.95644174054398379 14.471135272391702 0 0 0 1.5080220926947199 105 209 106 178
447 7.3273903998458971 0.094339176375517794 17.744529546629302 0 0 0 0.21499812708848851 103 203 107 154
446 8.1120550733448162 3.2265523742734246 12.085254318022802 80 84 97 0.93739166424504405 103 122 107 139
445 6.2269164417157059 0.21052588587305562 17.836861175666531 130 130 130 0.19096904102265158 106 153 107 133 111 260
444 6.2269164417157059 0.21052588587305562 17.836861175666531 130 130 130 0.19096904102265158 106 152 107 132 111 259
441 7.0524876755362964 -0.76115162857736884 17.701986068516383 130 130 130 0.34455421138816739 101 103 107 122 112 253
440 7.0335986998796862 -0.75512542419740136 17.653114450271289 130 130 130 0.14256627909743955 101 102 107 121
439 6.8525650765892738 0.046651590595831988 17.740477383438243 0 0 0 0.13446886092803798 101 124 107 112
438 6.8525650765892738 0.046651590595831988 17.740477383438243 0 0 0 0.13446886092803798 101 123 107 111
436 6.8534871664743315 -0.23152692770697569 17.70462825536551 130 130 130 0.3368794039480148 105 159 107 105 110 180 113 190
434 8.6584048638377666 1.0604817865933491 17.149651947973943 0 0 0 0.27105911149843104 100 91 102 96
433 7.271331818350272 0.51392255226574446 17.642695066818789 0 0 0 0.30390560301588199 102 93 107 80 100 87 101 65 108 61 109 155
425 12.318909135395064 0.065302366585177199 16.608525913338774 231 231 231 0.15830772902808712 106 94 107 61
411 12.064307756448629 0.81281399310390157 16.687977641064478 59 62 72 0.027083957782589707 106 209 107 177
382 7.0276109313324593 -0.22248576410541065 17.684769756468423 130 130 130 0.55083868326423813 102 72 106 129 112 258 111 252
381 6.7440087552024446 0.24793560149624183 17.668713204011571 130 130 130 0.30714370200417412 105 104 106 106
380 6.7440087552024499 0.24793560149624108 17.668713204011581 130 130 130 0.30714370200418606 105 103 106 105
379 6.8345139545955815 -0.030755116076740627 17.69963003283803 130 130 130 0.30878355885425146 105 100 106 102 108 95 109 151
376 5.8125486432463012 -0.35314287951939483 17.938160555220925 0 0 0 1.1194905214572008 103 73 104 86 105 96 106 95
371 4.5050590277767064 1.1154655958223771 18.373829408372835 106 112 128 0.22115208352702412 101 75 106 76 99 111
370 6.6275518896544332 0.001599015974168867 17.913468852933093 130 130 130 0.2057321764022888 105 66 106 73
361 12.402314059300245 6.5262574029841609 15.548579476581695 130 130 130 1.2215914787432187 103 264 105 263 104 255
360 12.402314059300245 6.5262574029841609 15.548579476581695 130 130 130 1.2215914787432187 103 263 105 262 104 254
359 12.317731564471028 6.3845565627118983 15.634955390628814 0 0 0 1.0043465397151847 103 261 105 261 104 253
358 12.317731564471028 6.3845565627118983 15.634955390628814 0 0 0 1.0043465397151847 103 260 105 260 104 252
357 9.8301399560517755 3.6478733729449595 16.057390869216857 59 62 72 2.5828752999149116 105 175 104 227
356 13.047141247758091 2.5695052221224119 14.76723470103598 106 111 128 2.5274823924615095 105 218 104 191
354 7.6193228505964941 0.87206875082457225 17.711164298166494 44 46 54 1.6429704287608748 102 213 105 246 100 314 103 279 101 243 104 274 104 318 108 165 111 310 110 268 109 242 112 314
353 8.6806216725034986 1.0441140592118283 17.64553482178551 109 114 131 2.3004895398378782 103 157 102 122 106 199 105 247 105 215 105 190 107 171 106 140 111 308 107 134 108 157 110 258
352 11.990206239007804 7.3050995604397668 16.010892480860058 0 0 0 0.90482801484630881 103 338 104 342
351 12.463423823112375 6.2815354053909003 15.419345042583412 0 0 0 0.44474753603281308 105 333 104 339
346 11.654183315704016 3.3161232442492241 15.994732308720362 113 119 137 0.68086446705141634 103 325 104 321
344 12.091957956760357 6.2865542848153497 15.690274827819508 130 130 130 0.96172749590505102 103 315 105 310 104 308
331 12.15685692682092 6.0528723134517861 15.63678776523323 0 0 0 0.91889720902910399 103 259 105 258 104 250
872 4.7120694528703826 -0.49157022233899461 21.569451183452625 59 62 72 0.92729386248544066 110 248 111 298 113 252
330 11.734083279379469 5.5954719383157689 15.668157559538706 0 0 0 1.0885407790257426 105 282 104 249
871 5.6086664218483628 -3.7592988479883345 19.080549310332866 111 117 134 0.72640533609546531 112 278 113 242
329 11.734083279379469 5.5954719383157689 15.668157559538706 0 0 0 1.0885407790257426 105 281 104 248
870 5.6086664218483628 -3.7592988479883345 19.080549310332866 111 117 134 0.72640533609546531 112 277 113 241
328 11.053508075553504 3.2896164569589628 16.685527360025098 0 0 0 0.26559528345324079 102 217 104 244
869 6.7756979856799191 -0.32011805726373926 17.764352468865013 130 130 130 0.35668512028359745 107 123 112 256 113 221
327 12.555841865437577 1.9043213629802347 15.036770616436035 8 8 8 0.61726909092873405 103 250 104 241
868 5.0493022559919298 -3.0518747704134421 18.199388818673309 76 80 92 0.45808621110569858 112 248 113 219
326 12.555841865437577 1.9043213629802347 15.036770616436035 8 8 8 0.61726909092873405 103 249 104 240
867 -1.3800911521966301 -5.8446200834270057 38.962448943804006 231 231 231 0.80115978627134654 111 278 112 274 113 206
324 8.346140645050772 1.0500143822279171 17.686407445274899 104 109 125 1.3636701686590922 105 216 106 200 111 289 110 231
865 5.4099125139711246 -3.6523687995166827 18.117603650642778 91 96 110 0.94154121544364644 112 164 113 184
321 7.3048064693328456 -0.99471044851991808 17.671069518802494 0 0 0 1.4989590725675097 100 199 101 155 102 192 104 210 107 148 111 247 110 245 112 303 112 333
862 5.4536899093590634 -3.1999937504415064 17.881559921145108 112 118 135 0.34628723209727963 110 84 113 162
316 12.62733563269969 2.926749116649304 15.009883681048152 231 231 231 0.24624138572949011 103 210 104 192
310 11.799789091097887 5.5752324268283076 15.876891884831325 0 0 0 1.250275260167931 105 135 104 176 103 127
851 -0.056889756026511328 -4.2654313707110019 12.46855615411363 59 62 72 0.11525270612593791 112 45 113 83
288 4.4786992893355464 1.2093581521951657 18.353380137665756 59 62 72 1.4198006355957324 104 70 106 115 107 87 99 33 110 136
248 11.505030001239318 3.4169934086202693 16.144224774490645 113 119 137 0.93808915533639681 103 120 102 108 104 122
789 6.5955375216372474 0.21472676450414779 17.771091689109852 130 130 130 0.44287707280177896 107 131 109 202 113 230
247 11.505030001239318 3.4169934086202693 16.144224774490645 113 119 137 0.93808915533639681 103 119 102 107 104 121
788 6.5955375216372474 0.21472676450414779 17.771091689109852 130 130 130 0.44287707280177896 107 130 109 201 113 229
232 5.4450598483813302 0.78122292175180352 18.099690501963206 59 62 72 1.4001870465880897 103 305 105 320 102 250 104 319 108 202 107 221 111 367 112 378 109 258
773 7.0176522659830782 -0.020398628002020441 17.641655074598432 130 130 130 0.066941103779707342 102 75 109 114
224 11.159507218072612 2.8922325601890382 16.377352197219619 59 62 72 0.64980785541122099 103 283 102 214 104 276
765 4.7186678133337425 -1.1395723556629545 21.758177876376578 0 0 0 1.2312184478228623 110 97 111 125 109 97
222 6.9542360042739029 -0.12821498477575732 17.705311777106829 130 130 130 0.35686586317773744 103 271 102 207 104 266 107 199 108 184 111 344 112 356
219 10.170237035134921 3.2589417101564386 16.671423744419794 0 0 0 0.55467205870056813 103 255 102 198 104 226
218 10.170237035134921 3.2589417101564386 16.671423744419794 0 0 0 0.55467205870056813 103 254 102 197 104 225
215 5.7164898453430242 -1.6442923949554424 17.96467089531831 130 130 130 1.0895616854033388 103 240 102 190 106 193 105 180 110 243
209 11.419357318893711 1.1141094781865089 15.768694248165801 231 231 231 0.87539426410738341 103 232 102 173 104 216
750 6.685305126817779 -0.017186825019849711 17.437253918271519 0 0 0 2.0896350115534754 103 75 110 159
203 5.5667553546369337 3.0921050901103735 16.163864593797207 0 0 0 1.5273115159324639 100 160 101 140 105 195 100 235 101 170 99 217 99 267
744 4.9580434365939423 -1.5691198233016963 23.574890768342989 105 111 127 0.29562958130050521 111 48 110 92
202 11.962529510428137 0.35479684077499307 16.144816464246357 231 231 231 0.77062415465765455 103 143 102 134 106 194
319 11.965652002689088 7.0145137999553286 15.684414969907957 130 130 130 0.62754893213142238 105 238 104 208
860 -1.2968622613977996 -5.6589526831452934 39.453850959293952 130 0 0 1.4667524399464102 111 203 112 230 113 149
318 11.965652002689088 7.0145137999553286 15.684414969907957 130 130 130 0.62754893213142238 105 237 104 207
859 7.7744658845615993 0.77344686031996912 22.094733111666454 130 130 130 1.367756231171243 110 54 113 143
602 5.8239534352706332 0.45408710740132874 17.931673915069677 0 0 0 1.5552209835278392 111 307 99 243 110 257 106 181 109 206
311 12.205368791449597 6.1998688464853666 15.66864266227374 130 130 130 0.84675975776411105 105 198 104 177
852 5.5608248945806045 -3.7524976139791315 18.041262129711814 59 62 72 0.62018389612596159 112 195 113 87
54 6.4127490265996485 0.34172561112118066 17.838705343521912 0 0 0 0.39773144744997208 100 359 105 330 103 336 101 274 102 263 104 334 106 272 107 229 99 396
52 5.9352206695214855 0.35629732012059329 17.910387918236179 0 0 0 0.55171431297754137 100 331 105 315 103 322 101 254 102 247 104 317 106 258 107 230 108 212 99 362 110 300 109 266
308 6.5966001961867375 -0.22771751735869342 17.761423506594216 0 0 0 0.28712394394297946 103 148 104 157 107 126 108 117 113 224
849 5.4925114664272972 -4.112685883709541 19.246914004345378 81 85 98 0.81590358808689156 112 10 113 6
51 4.1742819436116756 -0.45483989628559507 17.982813433632447 109 114 131 1.2167334346583158 100 330 103 320 101 252 105 314 102 244 104 316 99 360
592 4.8022919128827963 2.9610032632053471 18.116481707629781 0 0 0 1.7206065233612557 100 175 102 180 104 204 99 195
307 6.5966001961867375 -0.22771751735869342 17.761423506594216 0 0 0 0.28712394394297946 103 147 104 156 107 125 108 116 113 223
848 7.1929116466203249 0.45221353749150128 17.595246599181813 0 0 0 0.90067517769974093 105 212 100 276 105 274 103 246 101 213 102 193 104 271 106 212 107 180 111 320 110 254 109 226 109 238 112 311
50 7.1214060974508353 -0.39803039432342913 17.643025870554659 0 0 0 0.73387996691893254 100 328 105 329 103 319 101 251 102 243 104 315 106 271 107 227 108 210 99 361 109 264
306 6.7448745737410531 0.047084725633708101 17.727775127330414 130 130 130 0.61153846019813762 101 121 102 118 113 225
847 6.5779851795899287 0.019851401854863757 17.783115434718809 130 130 130 0.62431672318725273 101 21 112 132 105 102
49 7.1680061392278605 -0.90957811336377525 17.642735237541501 0 0 0 0.66842444484028862 100 327 105 313 103 317 101 249 102 241 104 313 106 255 107 225 108 207 110 297 109 261
48 5.9799619386093301 -0.93261688387553165 17.859705294836989 0 0 0 0.65227250588228325 100 326 105 327 103 318 101 250 102 242 104 314 106 269 107 226 108 208 99 357 109 262
175 7.0728664155008465 -0.77463432060199722 17.701272930189539 130 130 130 0.68555476042818042 103 59 105 83 102 65 104 80 111 130 110 100 108 45 109 98
716 8.5859477116005536 3.4705079965971133 31.103038002517962 0 0 0 0.98243064520507661 103 123 110 163
304 11.643168950225991 0.40480610922104504 15.715826628300158 231 231 231 1.2661246814015019 103 144 104 151
845 3.2209469132318072 -1.9653077412636828 10.675509463897642 0 0 0 0.73890358863454453 111 14 112 16
47 0.23226115613699957 1.8503674067787526 0.85350783756970672 130 130 130 0.24228536970266901 100 317 105 265 101 246
303 11.997385006483823 7.0834676837804249 15.789854015302828 130 130 130 0.11778734921422213 105 147 104 142
844 7.307359178883023 -0.99500906596281657 17.673722987424405 0 0 0 1.5298663077198187 101 154 102 191 104 209 110 244 112 302 112 332 107 147 111 246
46 0.23226115613699957 1.8503674067787526 0.85350783756970672 130 130 130 0.24228536970266901 100 316 105 264 101 245
302 11.997385006483823 7.0834676837804249 15.789854015302828 130 130 130 0.11778734921422213 105 146 104 141
843 6.663430661586955 0.14225064644831334 17.734000119908277 130 130 130 0.19965763627384125 102 212 103 276 112 361
45 8.3635539726116654 0.98397959370819588 17.326915823842398 0 0 0 0.85079205636037758 100 315 103 303 101 244 102 235 104 300
429 7.3219273914407426 -0.23087136017933174 17.669359889340431 0 0 0 1.0135230308835388 105 93 107 68
172 -0.90769057045736046 1.8358153167113178 -1.2799580393576961 231 231 231 0.071935206702249177 103 37 102 50
301 12.29652187144857 6.4401298645957352 15.691543560771834 0 0 0 1.3300468940873316 103 131 104 136
171 -0.90769057045736046 1.8358153167113178 -1.2799580393576961 231 231 231 0.071935206702249177 103 36 102 49
300 12.29652187144857 6.4401298645957352 15.691543560771834 0 0 0 1.3300468940873316 103 130 104 135
841 7.7478672472455443 0.96469592028104101 17.944047737347848 59 62 72 0.37474531884052859 111 309 112 313
43 8.3784499649874498 0.40776020451436612 17.267669914636489 231 231 231 1.2243905708235574 100 311 103 278 101 240 102 231 104 292
299 12.268952066305983 6.1054281602294376 15.598647734808473 130 130 130 0.90013591687299199 103 129 104 132
42 8.3784499649874498 0.40776020451436612 17.267669914636489 231 231 231 1.2243905708235574 100 310 103 277 101 239 102 230 104 291
298 12.250191017143996 6.0982892325146487 15.567915670107771 130 130 130 0.70911895850395645 103 128 105 140 104 131
839 -0.38237883469197032 -0.23950237096833135 17.176478703204015 0 0 0 2.5225209569654305 103 245 100 209
41 6.6753519261270089 0.14628151023075026 17.758490854751305 130 130 130 0.4342294108302186 100 309 105 301 106 237 107 206 108 187 111 349 99 346 110 286 109 255 113 294
297 12.270293857774135 5.8480621737001828 15.572891066617123 130 130 130 0.64954902785417135 105 136 104 129
40 6.668055019689775 0.14577025675732841 17.74324835714641 130 130 130 0.34244177247342616 100 308 105 300 103 275 102 211 106 236 107 205 108 186 111 348 99 345 110 285 109 254 112 360
581 -1.3777332317719857 2.9084845907350241 16.676953362024001 0 0 0 1.6255564271217839 102 158 99 140
424 7.4610352286080035 -1.6061666686420712 17.431352963820082 130 130 130 1.6149050675886294 100 29 105 77 107 52
167 11.566324288444047 0.35379353420082948 15.624768741188374 210 210 210 0.86769209339405451 103 17 102 29 104 2
708 8.5252627743448155 1.087931711378864 17.675594307276494 0 0 0 1.1012676401514718 108 16 110 132
296 11.010210564891162 3.6260833105311816 16.513228227251023 79 83 96 0.89353158380648012 103 121 104 126
837 7.0248863343437495 -0.22353995341083843 17.680383932304011 130 130 130 0.66226285589138945 106 130 111 253 112 259
39 6.1464327463345851 0.13701523443759828 17.849196890444269 130 130 130 0.48734590558503638 100 307 105 303 103 297 101 238 102 229 104 295 106 239 107 208 108 191 111 351 99 344 110 288 109 257 112 377
295 9.9961865765323807 2.7077142984067022 16.986581092413537 107 112 129 1.8498948764291789 103 111 104 119
836 6.7839844509424765 -0.31685824174464011 17.777334407754811 130 130 130 0.39685703796154798 99 181 107 124 101 108 104 153 112 257 113 222
384 6.7321622521503546 0.042355075032061033 17.659155386573261 130 130 130 0.084992137099306309 105 164 106 135
127 9.7342480441041275 3.1249161993738617 15.985843169039498 0 0 0 0.36917428110387956 105 49 101 14
130 6.4827221979438097 3.3710864820214903 17.699894187350047 114 120 137 0.44967088118753984 103 124 101 26
387 6.5728159963486892 0.22745866470405335 17.751724486465623 130 130 130 0.30314970585731882 103 81 105 165 106 138 111 221
437 6.8374111413611045 -0.22778750302099712 17.677367599354604 130 130 130 0.15357130685673412 105 160 107 106
180 8.4462288650417978 0.31413458524025967 17.202287211884663 231 231 231 1.1461358612048964 103 80 102 84 100 84 101 56 104 90
721 5.0575033303436996 -3.0511183028510009 18.217892686841395 72 76 88 0.51149018343732444 111 213 110 177 112 247 113 218
464 4.7038625673192991 -0.82878823848137118 20.177236704435369 109 115 132 1.3137642808416918 106 256 107 217 108 209
458 5.7492803464544986 -1.6005657173315715 17.940766860911957 130 130 130 1.6177831906882938 100 268 107 191 105 266 108 176 111 332 99 310 110 274 103 291
715 8.2712790517219652 0.79766762539946601 17.652908117317917 59 62 72 0.450052426413384 108 123 110 161 109 177 111 261
459 5.7492803464544986 -1.6005657173315715 17.940766860911957 130 130 130 1.6177831906882938 100 269 107 192 105 267 108 177 111 333 99 311 110 275 103 292
462 9.096785842531137 0.11724459734604074 18.593614961339338 231 231 231 1.1260432368691964 106 235 107 203
463 7.4984517919399671 2.9696192894377673 13.1976389668712 0 0 0 1.7603071069392033 105 255 107 211 108 168
465 8.4518177977132094 3.2722208976731442 12.565164310026853 79 84 97 1.7424835884400782 105 308 107 224
722 6.7668808686342974 -0.04677232427209474 17.739754364170359 0 0 0 0.38990139803226276 100 146 101 114 104 158 110 181 99 187
470 4.9872946153995414 -1.9388982456692134 21.687305734542264 83 78 74 1.7271605266604741 105 1 111 180 108 7
727 -0.61572641607022516 -0.63531136624214735 21.940854396945593 59 62 72 0.45873396366822877 111 255 110 207 113 186
474 4.5890275905412254 2.5085827535601894 12.751945954612799 59 62 72 1.4125020466810891 103 115 108 73
479 5.8753147406875197 -0.81764342602534179 17.697091653831027 0 0 0 1.5768809183892332 107 27 108 14
736 7.6194062879796194 0.82822062986157285 17.633536924023105 0 0 0 1.2163254857469159 106 259 111 353 105 319 108 201 103 323
483 5.1456485617989349 -1.754165552774446 23.411553086330638 59 62 72 0.077211952280181698 103 40 108 42
492 5.8135071478142262 -0.85297117796741573 18.020736629708178 130 130 130 0.12563959450093018 105 155 108 86
749 6.5790777838857046 -0.043432016118593257 17.760409572649731 0 0 0 0.3597937357672964 101 51 110 157 104 87
504 7.4832121260067712 3.2035415339183024 12.869958036222771 115 121 139 0.42126430403190435 105 224 108 158
761 7.5455836095316853 -1.6311621120701112 17.617837556567476 130 130 130 0.10167552693660037 102 58 109 88
505 7.4832121260067712 3.2035415339183024 12.869958036222771 115 121 139 0.42126430403190435 105 225 108 159
762 7.5455836095316853 -1.6311621120701112 17.617837556567476 130 130 130 0.10167552693660037 102 59 109 89
514 8.6269334610731754 0.98417038311167204 17.449726644848496 113 119 137 0.46141137640552554 105 117 108 103
134 6.0640220334105974 0.21568553281845854 17.87730098590351 130 130 130 0.54095033919675028 105 108 101 62 102 92 99 96
515 3.4143800262995541 -1.3271192674835925 15.535434003755155 0 0 0 0.53437827544901606 104 147 105 154
772 -0.41375140975694008 -0.83558528735349091 22.035249874086848 108 114 130 0.32099624896443207 111 137 109 113 113 100
517 9.5753134943944875 0.39748953913963886 19.423940921763833 231 231 231 1.7569898818127581 107 178 108 161 110 249
534 8.5486796179675135 1.1010079235423982 17.718744870315422 0 0 0 1.0085770074170699 108 17 111 163 110 57 110 133 109 21
20 6.8865024055241415 0.083137528338001435 17.741090986759769 0 0 0 0.65464806866542946 100 258 105 244 103 244 101 195 104 239 108 156 102 137 111 287 99 240 110 230 109 215 112 310 113 246
277 4.4260315996429913 1.1782280483602803 18.127567396792632 59 62 72 1.4559709527256814 102 54 104 8 106 8
537 6.85901753735381 -0.31094398900214781 17.715157918651201 0 0 0 0.52673971930415786 106 128 111 219 99 183 109 169
23 6.120792860119729 -0.74036181857440497 17.781318989681886 130 130 130 1.7661147000573354 100 270 105 268 103 266 101 207 102 166 100 201 101 156 104 211 104 261 106 207 107 167 108 153 111 337 99 232 99 316 110 246 110 278 109 223 112 353 113 284
541 7.16570386636403 -0.12224692843801117 17.789027303461307 0 0 0 0.27274503960788554 107 151 111 256
27 6.4009580696343278 0.09932585160849744 17.790044050521971 0 0 0 0.55546825473297257 100 275 105 273 103 274 101 212 102 210 104 270 107 204 108 185 111 347 99 320 110 266 109 237 112 359 113 292
415 7.4347253943217515 3.2273288305672483 12.680945278077811 115 121 138 0.36483399316324461 105 10 107 7
699 1.7646806141977867 -2.3583718747178937 7.8593867374345638 130 130 130 0.27661028347570105 111 156 110 91
158 7.0521733568387646 0.30611065815550997 17.697137247853103 0 0 0 0.33321288940666932 103 335 101 273 102 262 104 333
542 8.5443484064111566 1.0651047542319778 17.717241640034196 0 0 0 2.221471706037339 107 115 111 265 109 159
799 5.4567558749117957 0.78406289955397113 18.109011652438792 59 62 72 0.76058833882536137 110 291 109 259 112 379 111 368
543 8.5441601429102008 1.0552160470922329 17.715436005468494 0 0 0 2.1352757822636774 107 116 111 266
800 4.3240475565772112 -4.7352056757581709 31.498496895424744 26 26 26 1.2157673604748223 111 358 109 260 112 327
29 7.1929116466203249 0.45221353749150128 17.595246599181813 0 0 0 0.90067517769974093 100 277 105 275 101 214 102 194 103 247 104 272 106 213 107 181 111 321 110 255 109 227 109 239 112 312 105 213
476 7.1794724103761238 -0.7942936342348591 17.618966499181315 0 0 0 1.3670214826485132 106 20 107 24 108 11
603 -1.8950931876720967 0.9930109719183976 16.520128135426688 108 114 131 1.3674117507176635 102 176 99 244 101 197 99 323
477 7.0939817560738714 -0.78425826026432088 17.465065497310842 0 0 0 0.091428301443147425 107 25 108 12
734 5.5636042192345707 -3.2577852658362079 17.857559582040672 109 115 132 1.6520747748948417 111 314 110 262 112 349 113 278
604 -1.892863646118401 0.99522212942707722 16.461805112218176 108 114 131 1.1307135879574943 102 177 99 245
861 -1.2968622613977996 -5.6589526831452934 39.453850959293952 130 0 0 1.4667524399464102 111 204 112 231 113 150
90 8.4896685981715514 0.65439767013627903 17.205885821802013 59 62 72 0.92356883596418238 100 212 103 231 101 165 102 140 100 172
347 11.654183315704016 3.3161232442492241 15.994732308720362 113 119 137 0.68086446705141634 103 326 104 322
665 4.2924307775686588 -1.1691883268009913 17.876722515104237 62 66 75 2.3440119112652389 103 58 101 40 99 60 104 79 105 82
151 4.8538614223017404 3.0549841145198018 18.148603842475524 0 0 0 0.41127763204494411 101 203 105 309 99 300
539 6.8738413742654716 -0.48615390958632482 17.721529367382132 0 0 0 0.71151200932791159 104 184 111 251 99 179 110 203 109 167 112 286
25 6.9300662440852703 -0.40928031651181462 17.718894547902366 0 0 0 0.55262415793262476 100 272 105 270 103 268 101 209 102 205 104 263 107 196 108 180 111 341 99 318 110 265 109 230 112 355 113 288
666 6.6791429875294757 -0.144488501234357 17.761612058064483 0 0 0 0.32038168980551524 100 274 103 273 101 211 102 209 104 268 99 340 100 273 105 295 103 272 101 210 102 208 104 267 106 232 107 201 108 182 111 346 110 283 109 231 109 232 112 358 113 291
152 2.715109565307507 2.3766393969821862 3.8377879616978583 0 0 0 0.69260556659476669 103 284 101 222 104 283
409 10.866389355551657 3.5955789138877368 16.50310588249911 0 0 0 1.3520553133675035 103 194 104 173
707 6.5488700330275682 0.23895582210136004 17.747376949944663 130 130 130 0.31666632720388987 111 158 110 126 112 139
785 4.6320254002134682 -4.6180061255594431 32.463441814378143 26 26 26 0.29011704040136443 111 238 109 183
14 5.8879694278739052 -1.0385628621721037 17.961778870071743 0 0 0 1.0286254227015723 100 196 105 206 111 282 108 131 109 186 112 304
406 5.8745475462458678 3.9184053380110022 22.689941875162877 231 231 231 0.075736203229566312 106 83 107 40
149 4.6747067892278293 -0.69193422744174116 20.845681269509313 59 62 72 0.01200844356622794 105 242 108 160
787 5.8741613674355504 -0.9090948022409181 18.008333904010655 0 0 0 0.23286095249591043 108 110 109 188
16 5.9143061769082443 3.5318959313121341 18.002097448528897 75 79 91 0.5670847982885332 100 238 103 237 101 179 102 181 99 270
547 7.4717679762034361 -1.5760631292030971 17.637263387317766 130 130 130 0.31151349079596813 101 188 111 317
804 -0.11514232177064651 -1.7140118894168823 23.412949163517929 60 64 74 0.86923832462758588 111 124 109 46
33 6.9773309024617927 -0.67876515968891504 17.721942213368692 130 130 130 0.48151058675903285 100 298 105 288 103 294 101 230 102 226 104 287 106 228 107 195 108 196 111 336 99 337 110 277 109 247 112 374 113 283
674 -1.1215142179325157 2.5670864017281798 16.870904640185898 59 62 72 2.0195975333858343 100 336 101 276 102 264 99 368
801 4.8241573003128035 -0.70036894469306132 21.045269017015752 109 115 132 0.99161531720831175 110 298 111 365 109 263 112 371
30 5.4836284989218882 0.81707135761024297 18.139717880728721 59 62 72 1.8580814303293691 100 279 105 276 103 280 101 215 106 240 108 166 111 322 99 347 110 290
488 7.54059280273382 3.0071230041880375 13.151826240555161 0 0 0 1.4959275246649968 105 128 107 90 108 72
745 4.9998858050995656 -1.4410177891493017 23.851978068897331 59 62 72 1.5627067530117433 111 122 110 93 113 94
742 -0.59176622336714335 -0.90995764645808785 21.706896039064421 111 117 134 0.64123095288883303 111 366 110 299 109 265 113 281
805 6.8998734445323651 -0.25672480942689402 17.899717404577697 0 0 0 2.1484265417255166 107 48 110 52
34 6.9556344715534317 -0.12994034649129618 17.707588074273378 130 130 130 0.38023696219005682 100 301 105 293 103 270 101 233 102 206 104 265 106 229 107 198 108 183 111 343 99 341 110 281 109 251 113 289
806 -0.4697449916869767 -4.5845704274044792 30.60797100421156 41 41 41 0.86269975910085317 102 39 109 86
35 6.9517532439352108 -0.13007800891106105 17.702407588619437 130 130 130 0.31137757509152142 100 302 105 294 101 234 106 230 99 342 110 282 109 252 112 357
493 7.0432978486847375 -0.5583376534004727 17.666746005748504 130 130 130 0.30243107600593144 101 44 104 83 108 87
747 4.7227168205517502 -1.2948442699834468 21.182765870561596 0 0 0 0.58476831815063945 105 89 108 29 108 85
807 5.8661761936940993 -1.076658394938824 17.997508973241363 0 0 0 0.33870389270851403 108 43 109 95
36 4.0800701547568661 -0.15773871548421092 17.990132416932273 59 62 72 1.6041551221439128 100 304 103 295 101 235 102 227 105 299 104 293 99 339
808 5.2244755990579685 -1.848112396047066 22.000032797421611 84 78 75 3.0833141677404265 110 150 109 140
37 7.2010348332449023 -0.11415977962412063 17.630045186319816 0 0 0 1.0353485811419161 100 305 105 292 103 269 104 264 106 231 107 197 108 181 111 345
809 4.6831717291807173 -1.7526732337600968 19.514443190939986 110 115 132 3.7198468255533417 108 84 109 185
38 6.1464327463345851 0.13701523443759828 17.849196890444269 130 130 130 0.48734590558503638 100 306 105 302 103 296 101 237 102 228 104 294 106 238 107 207 108 190 111 350 99 343 110 287 109 256 112 376
784 4.6320254002134682 -4.6180061255594431 32.463441814378143 26 26 26 0.29011704040136443 111 237 109 182
527 5.8480848663551068 -1.0813997868150822 17.9660121795301 0 0 0 0.65808295901131408 103 57 111 129 106 90 113 98
471 7.2231651383294313 -0.52349352621562673 17.573154910268372 0 0 0 0.062950099201900395 106 24 107 28
725 8.2745517809604792 0.94817271240438317 17.73791910709615 0 0 0 0.58679702537764722 111 190 110 187 109 158
468 7.4347253943217515 3.2273288305672483 12.680945278077811 115 121 138 0.36483399316324461 105 9 107 6
813 3.2209469132318085 -1.9653077412636824 10.675509463897644 0 0 0 0.73890358863455874 111 15 112 17
825 7.5950057650704732 0.95137624786889519 17.787583848527948 59 62 72 0.67589224229753175 110 131 112 147
512 9.6781554482692833 0.47764149445583237 19.51957660192782 231 231 231 1.3213532228242792 107 75 108 58
766 7.1117810034815152 -0.76689246776954378 17.777664956106019 130 130 130 0.28371322429879209 110 101 109 99
876 4.6626495705821966 -0.40541946435646309 20.88952155435932 0 0 0 0.75714354525143368 109 250 110 280
362 12.388270475634837 6.3100428639490076 15.621243466780568 0 0 0 0.96536620288662645 103 316 105 311 104 309
803 5.2193249600660172 -0.60980144410339154 21.319220533719246 0 0 0 0.91736203051448595 102 4 108 15
32 6.9742255193336762 -0.67813702988503 17.714484987156116 130 130 130 0.45502990454868492 100 297 105 287 103 293 101 229 102 225 104 286 106 227 107 194 108 195 111 335 99 336 110 276 109 246 112 373
802 7.2748906821923036 0.51553116838776736 17.6560320450339 0 0 0 0.33722436877254752 100 88 108 62 102 94 101 66 109 156 104 166 110 186
472 7.2231651383294313 -0.52349352621562673 17.573154910268372 0 0 0 0.062950099201900395 106 25 107 29
726 6.8738413742654716 -0.48615390958632482 17.721529367382132 0 0 0 0.7115120093279117 99 178 111 250 110 202 109 166 112 285 104 183
469 5.1097446368431276 2.9968872627453451 14.316337295768275 94 99 114 1.0759386667635571 106 57 107 9
853 -0.2502804474587404 -1.8934051738274347 24.332550356740711 114 120 138 0.61142435951225815 110 95 111 123 113 95
82 6.7521496681502615 -0.33871070158293537 17.746279806851131 130 130 130 0.70439701120460285 100 207 103 200 101 159 106 174 107 149 111 301 99 235 109 191
339 12.831241991831909 2.3389491076096283 15.028037890678023 231 231 231 0.92261887661662145 103 282 104 275
481 8.927032924960054 0.92986026747817574 17.573358380738661 0 0 0 1.7580181661437826 107 84 108 36 105 68 106 75
738 -0.51168290063007316 -0.54700083786968434 22.019372396930084 59 62 72 0.50989475519925354 111 342 110 284 109 253 112 375 113 286
735 5.5636042192345707 -3.2577852658362079 17.857559582040672 109 115 132 1.6520747748948417 111 315 110 263 112 350 113 279
478 5.8753147406875197 -0.81764342602534179 17.697091653831027 0 0 0 1.5768809183892332 107 26 108 13
856 7.3515994051310871 0.036047774745656354 18.681473677765187 130 130 130 1.2163772459204383 112 129 113 106
85 6.6160531606527693 2.5961175169869617 17.846484297147629 105 110 127 1.2548415189258577 100 219 103 213 101 139 102 153 99 215
342 7.3715338471857397 0.61521994997301932 17.652805037321698 130 130 130 1.3112942035663295 103 301 104 298 107 219
827 5.5233093365032024 -3.3235382971660528 17.905526294458699 111 117 134 1.190052533026233 111 118 112 171
831 4.9960279764083149 0.91230453007553514 18.43068224116718 59 62 72 0.75493368255094251 111 167 112 213
518 9.5753134943944875 0.39748953913963886 19.423940921763833 231 231 231 1.7569898818127581 107 179 108 162 110 250
775 6.5149265660056042 0.024907158505614424 17.781158959315459 0 0 0 0.64351123448224734 103 77 109 120 113 165 106 103 108 96
545 5.8305712751513887 0.44677826819279554 17.918198492688504 0 0 0 0.73897613272290186 102 172 111 306 99 242 110 256
4 7.2975612903096341 -1.0134855498170907 17.550663439030917 0 0 0 0.60604537346224341 100 41 105 79 101 38 102 60
828 4.746414319208176 -0.62530490219722445 21.539016342518778 104 109 125 1.8347529035505123 109 103 111 181 113 96 112 174
710 8.3623618369947454 -3.2794578004469597 18.339535043682428 231 231 231 1.472489427447071 111 205 110 142 112 239
815 3.2372421821760136 -1.9567419011272844 10.705167053827124 0 0 0 0.94321854790106974 111 69 112 76
732 -0.40223119944493402 -0.71002458356761466 22.015671993721629 59 62 72 0.66158124913961069 111 303 110 251 109 225 112 306 113 253
821 6.5772320278331398 0.019912407985257046 17.782054685336043 130 130 130 0.41267117679268989 101 20 112 131 113 117 110 122
508 7.3738913625086182 -1.5296898436026802 17.436290844171527 130 130 130 1.313257929821438 106 206 108 175 106 225
536 6.8694721085521939 -0.31148723262222466 17.740187269434674 0 0 0 0.61496509517172104 106 127 111 218 99 182 109 168 113 187
790 5.7896536247959425 0.4609132555248634 17.886764033000912 0 0 0 0.34867993537272723 106 180 109 205
19 6.8865024055241415 0.083137528338001435 17.741090986759769 0 0 0 0.65464806866542946 100 257 105 243 103 243 101 194 104 238 108 155 102 136 111 286 99 239 110 229 109 214 112 309 113 245
877 7.3515994051310862 0.036047774745656208 18.681473677765187 130 130 130 1.2163772459204369 112 130 113 107
106 5.0287403066533747 2.6556667297147429 18.095080251503553 59 62 72 0.86059939042332978 100 284 103 285 101 217 102 215 99 330
363 12.388105164656915 5.9609319538232581 15.500701643518484 130 130 130 0.86915830312217623 103 332 105 325 104 327
819 8.5730217848402788 -3.3466394038070302 18.757356373367742 231 231 231 1.2774475577691415 111 61 112 114
529 6.8632791336217798 -0.51025911294824022 17.756366737394469 0 0 0 0.0087359302846507555 105 88 111 136
15 5.8879694278739052 -1.0385628621721037 17.961778870071743 0 0 0 1.0286254227015723 100 197 105 207 111 283 108 132 109 187 112 305
783 6.595258312624618 0.040496155683895391 17.768848264677995 130 130 130 0.19612602883684849 99 191 100 150 104 162 109 175
12 6.5027210993665872 0.0438874135016879 17.793522099074679 0 0 0 1.0013112318430162 100 148 105 186 108 135 99 189 107 114 110 184 110 210 113 198
269 10.947313479421664 3.545067356108405 16.461371362425087 79 83 96 1.1624359488121732 103 287 104 280 102 218
781 -0.81109904334762595 -2.0769997395230653 24.235197437844782 84 78 75 0.2338360943406371 110 195 109 143
10 6.5923737052153228 -0.053957637016569179 17.760750603888933 0 0 0 0.43262110368420187 100 144 105 162 102 117 99 185 110 206 113 196
779 4.4355675616979164 1.0715069103824928 18.166169449702867 109 114 131 0.71733903807313915 108 64 110 135 109 130
549 5.2844881064400608 -1.8093482718171092 21.76803473764684 112 118 135 1.0533554382440511 108 178 112 351
8 3.8473081394439066 -0.96535371180250684 18.101254078855369 59 62 72 0.20807250895225707 100 138 103 63
397 4.5636088426307282 2.959549688285338 16.901917648624629 59 62 72 0.43632097949747184 106 221 107 186 108 167
140 6.7699024281530686 -0.22349457134198564 17.728038071923439 0 0 0 0.33462163781131643 103 145 102 113 106 131 101 110 108 91 109 170 112 260
778 -0.77519270972730603 -0.66469917203950923 21.802808029338635 105 110 127 0.48500791821658878 110 116 111 148 109 124
386 12.144044678347923 0.84927729200578739 16.756365609838081 59 62 72 0.0042233077518316758 106 137 107 129
767 6.1336466390467672 -0.79824872496188226 17.981144517766946 130 130 130 0.17657480165507367 110 103 109 101
510 4.6117853660551296 2.7325929024609401 16.726736322481759 59 62 72 0.49995631219231168 106 218 107 185 108 192
764 5.8661761936940993 -1.076658394938824 17.997508973241363 0 0 0 0.33870389270851403 108 44 109 96
507 7.3738913625086182 -1.5296898436026802 17.436290844171527 130 130 130 1.313257929821438 106 205 108 174 106 224
498 6.5080597615915412 -0.053102544205487982 17.806472615198039 130 130 130 0.35731756739493542 100 142 104 161 108 119 111 258 109 173
752 5.4651016851820851 -3.2020922620138652 17.939236256965973 108 114 131 0.79196187970274601 111 119 109 6
497 6.5080597615915412 -0.053102544205487982 17.806472615198039 130 130 130 0.35731756739493542 100 141 104 160 108 118 111 257 109 172
751 6.8438599512209697 -0.28507635035395545 17.736037340435523 0 0 0 0.34441745144504043 110 51 101 5 102 28
480 4.5550286741354569 -0.78982056859543892 20.299108047720615 103 108 124 0.45650192433086412 106 67 108 30
850 5.5618029950056842 -4.2613758770780485 19.00469340187724 99 105 120 1.3158980419489992 112 81 113 63
723 7.2782064787308007 0.51818202456536722 17.671250123239584 0 0 0 0.10807890125456535 104 165 110 185
461 9.096785842531137 0.11724459734604074 18.593614961339338 231 231 231 1.1260432368691964 106 234 107 202
460 4.5225670350055722 -0.51089063878397467 19.954156242390205 59 62 72 0.94807196529982607 106 233 107 200 108 199
714 6.5802478545287881 -0.043263246674580542 17.766844007098037 0 0 0 0.33932826866242771 101 52 110 158 104 88 112 209
126 9.7342480441041275 3.1249161993738617 15.985843169039498 0 0 0 0.36917428110387956 105 48 101 13
383 6.7321622521503546 0.042355075032061033 17.659155386573261 130 130 130 0.084992137099306309 105 163 106 134
121 4.1349192513219304 -0.93795062762775028 18.085585100573145 105 111 127 0.88211542923509756 100 358 103 334 101 269 102 258 99 395
378 6.8345139545955815 -0.030755116076740627 17.69963003283803 130 130 130 0.30878355885425146 105 99 106 101 108 94 109 150
118 4.8727257159250286 3.1043375263192154 18.058917274093222 0 0 0 1.5459501356671708 100 318 103 331 101 220 99 352
117 6.6910543719684297 3.2495750875119254 17.665811063593289 114 120 137 1.0034403981576721 100 340 103 330 101 262 102 256 99 373
116 6.6910543719684297 3.2495750875119254 17.665811063593289 114 120 137 1.0034403981576721 100 339 103 329 101 261 102 255 99 372
110 -0.48212504523759708 -0.0994365194093451 17.068491911080599 59 62 72 2.1756659628543593 100 303 103 300 101 236 102 232 99 338
367 6.4872082443401231 0.25602458109251147 17.901678150931666 0 0 0 0.068668550115674715 104 41 106 46
109 8.3420035096968217 0.71851779982238495 17.267877998152706 231 231 231 0.96572335582681923 100 313 103 298 101 241 102 233 104 296
107 6.1066116226374119 2.8027481847683404 17.827184259013372 59 62 72 0.67725076201142387 100 286 103 286 101 218 102 216 99 331
364 12.388105164656915 5.9609319538232581 15.500701643518484 130 130 130 0.86915830312217623 103 333 105 326 104 328
93 8.1654567840315533 0.6383246703865515 17.298312919057235 59 62 72 1.2254037618018099 100 278 103 248 101 196
350 12.463423823112375 6.2815354053909003 15.419345042583412 0 0 0 0.44474753603281308 105 332 104 338
86 6.3629479789962406 2.785074999673693 17.871202057823062 91 96 110 0.29539743293698439 100 109 103 220 101 130 102 125
343 7.3715338471857397 0.61521994997301932 17.652805037321698 130 130 130 1.3112942035663295 103 302 104 299 107 220
84 8.3909361364136856 0.7969548728058985 17.161810063186415 231 231 231 1.015357040338982 100 213 103 207 102 141 104 217
341 6.1976174498386492 -0.70698182166351298 17.904330353256988 130 130 130 0.80170454956396309 105 291 104 289 107 216 108 198 110 279 109 249
83 6.7521496681502615 -0.33871070158293537 17.746279806851131 130 130 130 0.70439701120460285 100 208 103 201 101 160 106 175 107 150 111 302 99 236 109 192
340 6.1900769155664639 -0.70482616264774656 17.8791074909754 130 130 130 0.78465568701735433 105 290 104 288 107 215 108 197 109 248
78 5.5348195417502186 0.89333217661218411 18.080892317859657 59 62 72 1.8287418502442816 100 89 103 158 101 73 102 142 104 103 104 189 106 114 106 185 102 175 107 135 107 158 108 63 99 209 101 9 109 128 111 165 110 134
76 6.5935249456373448 0.0392997856292868 17.765525351926406 130 130 130 0.30295880004033093 100 149 103 153 104 163 99 190 109 174
332 12.15685692682092 6.0528723134517861 15.63678776523323 0 0 0 0.91889720902910399 103 258 105 259 104 251
66 4.5914656963214107 1.3845990832914354 18.138968496923049 110 116 133 1.4046880882144945 100 94 103 106 101 128 102 101 106 142 99 192
864 5.5041997590150329 -4.1554845856279963 19.255837761573336 82 86 99 0.77612138480032367 112 184 113 175
323 7.5493605602384743 0.93166969342591033 17.629466310109194 59 62 72 0.80351110179249763 102 174 104 218
156 9.4058723700611644 3.2794256569785016 16.722048831555497 114 119 137 1.2061632533543083 103 327 101 258 102 253
413 8.3472691800894605 3.3433032542206331 12.382568260560332 80 84 97 0.97373914590919053 105 52 107 5
155 9.2234032803067478 2.3671526824060232 16.888887029982868 111 117 134 1.3153148042050313 103 324 101 257 102 236
412 7.0597350954932496 -0.53807793250822311 17.629409119581986 130 130 130 0.18913794385703001 103 2 106 4 107 1
285 8.0209510704310958 0.99659811607870008 17.473674507976149 0 0 0 0.93915679794275542 102 30 103 21 104 66 100 20 101 8
826 5.5233093365032024 -3.3235382971660528 17.905526294458699 111 117 134 1.190052533026233 111 117 112 170
153 8.3537644280474073 0.71542374459181313 17.292334101663787 231 231 231 0.98848906172525419 103 299 101 242 102 234 104 297
24 6.1212355800450151 -0.74115744903682512 17.785837577032545 130 130 130 1.7355479720462528 100 271 105 269 103 267 101 208 102 167 100 202 101 157 104 212 104 262 106 208 107 168 108 154 111 338 99 233 99 317 110 247 109 224 112 354 113 285
150 8.4327953872992314 2.9869797478112701 15.580660617530537 0 0 0 0.82619211314530139 102 196 108 144 103 253
686 -0.38800527177099375 -4.5504702158014059 30.243912167470754 41 41 41 1.3951770946804865 103 35 110 41
145 2.9187243410607038 2.4147866738459367 3.7367543593619406 114 120 137 0.92587823501568778 100 178 103 218 101 144 104 206
402 8.849406073659198 0.99579858332589222 17.4261082002064 0 0 0 0.89877623620994596 103 103 102 95 104 65
559 7.4820045967208122 -1.600078259002546 17.569428786788176 130 130 130 2.4026584149534336 100 187 101 32 106 172 110 240
18 6.473062766659452 -0.081418256452626556 17.778209405297684 130 130 130 0.60141094977518639 100 256 105 241 103 242 101 163 102 171 106 196 107 153 111 305 99 238 110 228 112 308 113 244
144 2.9187243410607038 2.4147866738459367 3.7367543593619406 114 120 137 0.92587823501568778 100 177 103 217 101 143 104 205
401 7.0009168782000062 -0.37216154787409195 17.364334068172646 0 0 0 0.31590717680443148 105 328 106 270
17 6.473062766659452 -0.081418256452626556 17.778209405297684 130 130 130 0.60141094977518639 100 255 105 240 103 241 101 162 102 170 106 195 107 152 111 304 99 237 110 227 112 307 113 243
684 8.3633799636450483 -3.3929400110756549 18.259894731809709 231 231 231 0.93761061108305532 111 177 110 35
143 6.7341921014889428 0.21755475274686978 17.716281729026861 130 130 130 0.43338504774005959 103 205 101 137 108 122
400 5.686092079974804 0.62497932972351244 17.851126407539041 0 0 0 0.52649080043005025 100 333 101 256 102 249
142 6.7341921014889428 0.21755475274686978 17.716281729026861 130 130 130 0.43338504774005959 103 204 101 136 108 121
399 5.686092079974804 0.62497932972351244 17.851126407539041 0 0 0 0.52649080043005025 100 332 101 255 102 248
141 6.7699024281530686 -0.22349457134198564 17.728038071923439 0 0 0 0.33462163781131643 103 146 101 111 102 114 106 132 108 92 109 171 112 261
398 7.2142495208251693 -0.66055147438328909 17.613088880760866 0 0 0 0.95206558607382752 105 289 106 226 107 193 108 179 111 334
669 -1.8530744084097515 2.4512087625227257 16.460410306573511 107 113 130 1.9219803543938596 100 107 101 80 102 130 99 126
128 3.9955122485832342 -0.39363979025644574 17.889777900726756 102 108 124 1.3824695472930295 105 64 101 19 102 53 104 59
60 7.283971292126302 -1.0032167023771728 17.502160680902737 0 0 0 0.21609884738753954 100 42 103 55 101 39 102 61
601 3.9934708132904406 -0.75186440340122129 18.013326767504772 108 113 130 0.29179967764999676 103 227 99 231 102 168
317 10.227509893994437 3.2525758505844204 16.823730465285198 0 0 0 1.1982146265132214 103 215 104 198
858 -0.96544891895879725 -3.7116297847017039 19.368073991754287 81 85 98 0.1883504553604825 112 119 113 138
672 -1.7646014265533518 2.6338922551169146 16.70198456822208 59 62 72 2.1134117240241239 100 285 101 221 102 220 99 329
131 7.5122898606720518 -1.6227001245838484 17.581609321122393 130 130 130 0.55364430653702656 105 78 101 33 106 173
388 5.4746660634798721 0.84944261328379889 19.261857442083588 59 62 72 0.66742900936367655 102 123 106 141
673 -0.54326032979286543 -0.38505310206209137 17.039032055403556 110 116 133 2.8625749218800483 100 329 101 253 102 246 103 321 99 359
132 5.8464660110928879 -1.0825518236884366 17.941077877502561 0 0 0 0.47278701064436907 100 39 103 56 101 41 106 89 102 62
546 7.4717679762034361 -1.5760631292030971 17.637263387317766 130 130 130 0.31151349079596813 101 187 111 316
5 8.4462288650417978 0.31413458524025967 17.202287211884663 231 231 231 1.1461358612048964 100 83 103 79 101 55 102 83 104 89
65 6.5728159963486892 0.22745866470405335 17.751724486465623 130 130 130 0.30314970585731882 105 166 103 82 106 139 111 222
322 11.49428692165516 0.94834611874317887 15.880790674980737 59 62 72 0.77958431361961589 103 230 104 214
863 5.4536899093590634 -3.1999937504415064 17.881559921145108 112 118 135 0.34628723209727963 110 85 113 163
135 5.7594094934530231 0.4872992028993689 17.793107331715198 0 0 0 0.35393476241066119 100 86 105 116 101 68
392 12.02608910195225 0.34359625074566025 16.403587327779203 0 0 0 2.9601884122040429 104 185 105 239
9 6.5923737052153228 -0.053957637016569179 17.760750603888933 0 0 0 0.43262110368420187 100 143 105 161 102 116 99 184 110 205 113 195
137 4.6365267420108607 0.96220145948711044 17.275410978372253 85 79 76 0.7823785055000636 103 5 101 74 102 6
679 8.3660268580051955 -3.0964261980903807 17.97396154822507 108 114 131 0.12934332700305817 111 110 110 18
138 9.9417111018692523 3.1750851095523371 16.421678529829965 0 0 0 0.63753937294762342 103 116 101 82 102 104
11 6.5027210993665872 0.0438874135016879 17.793522099074679 0 0 0 1.0013112318430162 100 147 105 185 108 134 99 188 107 113 110 183 110 209 113 197
680 8.3660268580051955 -3.0964261980903807 17.97396154822507 108 114 131 0.12934332700305817 111 111 110 19
139 9.9417111018692523 3.1750851095523371 16.421678529829965 0 0 0 0.63753937294762342 103 117 101 83 102 105
396 4.8815933362556585 2.6883176683802783 17.327111992699439 0 0 0 0.14531785468757083 105 280 104 282
698 5.6564504792645165 -1.7084370781476041 17.95608625247969 130 130 130 0.050065091905796902 101 34 110 90
157 9.4058723700611644 3.2794256569785016 16.722048831555497 114 119 137 1.2061632533543083 103 328 101 259 102 254
289 9.8780958628834643 3.1951405113556204 17.76309737774908 0 0 0 2.4340569926323985 103 118 104 74
830 5.4628237332220797 -3.2072290951415718 17.885124596002079 111 117 134 0.58981922055732172 109 83 112 201
161 9.8278371529158708 3.5822030318096978 16.300592904670577 59 62 72 1.2654942698954583 103 288 101 247 102 219
703 5.8542824378385783 -1.0848822268355496 17.993003472485363 0 0 0 0.034378326737114391 107 58 110 99
162 11.407215855554636 1.1239039480931927 16.000364357588087 231 231 231 0.94042682239400233 103 3 102 5 104 5
704 4.9838092245805612 -0.45551697823900289 20.98687451566704 104 109 126 0.11594510821646925 111 132 110 106
163 -0.82988618421460403 1.6141307509908611 -0.076356699802073699 231 231 231 0.27464193234956902 102 20 106 12
293 12.8630776014279 2.5664952491360609 15.026511327601003 102 107 123 0.32952249321402716 103 107 104 111
834 5.439455406808249 -3.6616669149432437 18.477022958254604 59 62 72 1.3123729069309313 111 202 112 237
705 6.5063334509728312 -0.034272379457394982 17.756863283743133 130 130 130 0.28555633282372861 102 78 110 118
164 -0.91934869044998446 1.8508953891453368 -1.3609810431377927 231 231 231 0.03609998712350046 103 9 102 22
294 12.724174687549269 3.0914932784083224 14.931432252608515 8 8 8 0.2923062351213308 103 112 104 115
835 8.1962113957177891 -3.1017753383175748 17.757736508137445 110 116 133 1.0583606012218476 111 209 112 244
165 -0.91934869044998446 1.8508953891453368 -1.3609810431377927 231 231 231 0.03609998712350046 103 10 102 23
706 6.3366316206316968 0.018230561844770021 17.875898314582596 0 0 0 0.40794406814915146 99 92 110 123 100 71
