# Camera list with one line of data per camera:
#   CAMERA_ID, MODEL, WIDTH, HEIGHT, PARAMS[]
# Number of cameras: 208
208 PINHOLE 1280 720 958.32658877332403 955.76165661609423 640 360
207 PINHOLE 1280 720 925.21203251916154 923.63969350475156 640 360
206 PINHOLE 1280 720 937.29258569288572 932.65999284410532 640 360
205 PINHOLE 1280 720 935.05549652993182 931.85373842436479 640 360
204 PINHOLE 960 540 683.95848417392517 674.72890168818628 480 270
203 PINHOLE 960 540 684.48409044085622 672.76870889495933 480 270
202 PINHOLE 960 540 684.57071515178461 671.86474824199308 480 270
201 PINHOLE 960 540 683.54666129194698 672.67493131766309 480 270
200 PINHOLE 960 540 683.54666129194698 672.67493131766298 480 270
199 PINHOLE 960 540 683.54666129194709 672.67493131766309 480 270
198 PINHOLE 960 540 682.81500277867099 671.60980359137216 480 270
197 PINHOLE 960 540 686.62518794723155 674.70524395197776 480 270
196 PINHOLE 960 540 686.77359376035599 675.1657901948729 480 270
195 PINHOLE 960 540 687.09862187762008 675.7575769278094 480 270
194 PINHOLE 960 540 690.92293731141501 682.00777943015123 480 270
193 PINHOLE 960 540 689.37499133971528 680.79156899625843 480 270
192 PINHOLE 960 540 695.37049903030777 683.73024373229021 480 270
191 PINHOLE 960 540 692.6224217441702 684.49491444437945 480 270
190 PINHOLE 960 540 696.4774283274246 686.36444437207797 480 270
189 PINHOLE 960 540 694.38997592593739 687.71545468112208 480 270
188 PINHOLE 960 540 694.60965518840271 691.31087953682948 480 270
187 PINHOLE 960 540 697.83523833110746 693.51238568613519 480 270
186 PINHOLE 960 540 697.79552526229395 695.62918515943568 480 270
185 PINHOLE 960 540 699.42939646293348 699.44362924714699 480 270
184 PINHOLE 960 540 702.9065712205462 703.47715831111782 480 270
183 PINHOLE 960 540 702.19925987879026 706.00130671808415 480 270
182 PINHOLE 960 540 744.75515827240611 749.01731684148012 480 270
181 PINHOLE 960 540 707.64449308023461 713.86129110426384 480 270
180 PINHOLE 960 540 701.64662955942458 707.48388369864801 480 270
179 PINHOLE 960 540 699.59648406480414 706.14002901799267 480 270
178 PINHOLE 960 540 694.21078948637353 700.22973661424021 480 270
177 PINHOLE 960 540 693.00789679926459 699.09161766828015 480 270
176 PINHOLE 960 540 694.05456486189507 700.40139173389036 480 270
175 PINHOLE 960 540 694.70133189219155 701.55022935654392 480 270
174 PINHOLE 960 540 695.44123781876851 702.67845107740379 480 270
173 PINHOLE 960 540 694.84590021572251 703.49553912026943 480 270
172 PINHOLE 960 540 695.71595145897277 702.6237371934526 480 270
171 PINHOLE 960 540 696.00153065654149 702.95900051740887 480 270
170 PINHOLE 960 540 696.31940122918297 703.05128084604712 480 270
169 PINHOLE 960 540 697.05228653756865 701.54399937590154 480 270
168 PINHOLE 960 540 696.59332065510705 703.25686358035875 480 270
167 PINHOLE 960 540 696.29383526792969 702.3058394164259 480 270
166 PINHOLE 960 540 696.7979379834477 702.01036341677252 480 270
165 PINHOLE 960 540 697.57974430652939 704.2693836951895 480 270
164 PINHOLE 960 540 694.57362212215173 698.78756718871318 480 270
163 PINHOLE 960 540 695.73811929108308 700.24550194258347 480 270
162 PINHOLE 960 540 694.69213631822095 699.49317372018663 480 270
161 PINHOLE 960 540 692.59368242157166 697.33900082646824 480 270
160 PINHOLE 960 540 692.27513300341479 697.38222939905063 480 270
159 PINHOLE 960 540 692.70819029777317 696.49343634031106 480 270
158 PINHOLE 960 540 693.91878239836831 698.17885701351724 480 270
157 PINHOLE 960 540 695.14736343553182 701.09381446001464 480 270
156 PINHOLE 960 540 696.44781567347081 700.78218498636261 480 270
155 PINHOLE 960 540 696.40690929616426 700.62854875742664 480 270
154 PINHOLE 960 540 695.55093591816774 700.30903437122072 480 270
153 PINHOLE 960 540 697.98631343671593 702.84491007816689 480 270
152 PINHOLE 960 540 696.63224595459758 702.32730124501416 480 270
151 PINHOLE 960 540 696.45937825665851 700.62382103332698 480 270
150 PINHOLE 960 540 697.74579801926768 703.28539453059227 480 270
149 PINHOLE 960 540 695.9507685767785 699.58534739562458 480 270
148 PINHOLE 960 540 696.96691348620925 699.56342552848719 480 270
147 PINHOLE 960 540 696.86881573617222 698.97938771597819 480 270
146 PINHOLE 960 540 697.08107668044568 697.96763935221327 480 270
145 PINHOLE 960 540 1268.8482952578697 1220.4940900160034 480 270
144 PINHOLE 960 540 710.53535424317431 710.18425036632971 480 270
143 PINHOLE 960 540 709.11339557815961 707.14560450575186 480 270
142 PINHOLE 960 540 706.38370478393176 705.16777596915381 480 270
141 PINHOLE 960 540 712.04052785730619 710.12911375723195 480 270
140 PINHOLE 960 540 709.76115039454976 708.65124769354918 480 270
139 PINHOLE 960 540 701.85234757416163 707.86753190858337 480 270
138 PINHOLE 960 540 701.30293399350603 702.12609463587319 480 270
137 PINHOLE 960 540 701.56564198405874 702.60466097147821 480 270
136 PINHOLE 960 540 698.31754368444888 695.48368644731022 480 270
135 PINHOLE 960 540 698.42369457927862 695.0049417591481 480 270
134 PINHOLE 960 540 699.23328475675658 695.71700173472061 480 270
133 PINHOLE 960 540 700.5824261602944 695.27935239489227 480 270
132 PINHOLE 960 540 730.0564944900043 732.00302071321505 480 270
131 PINHOLE 960 540 698.61918515976799 694.64933390699241 480 270
130 PINHOLE 960 540 698.37164079144668 694.99917813342768 480 270
129 PINHOLE 960 540 699.46593814753169 698.50559955321842 480 270
128 PINHOLE 960 540 701.03988087609309 701.18830593547375 480 270
59 PINHOLE 960 540 698.67517631096905 698.91441235986269 480 270
58 PINHOLE 960 540 698.64208226925336 696.92289043186747 480 270
57 PINHOLE 960 540 698.92753149830958 701.68901983672617 480 270
56 PINHOLE 960 540 697.10738207210215 696.31459185817846 480 270
55 PINHOLE 960 540 697.85967348573922 700.25059041107681 480 270
54 PINHOLE 960 540 698.03424718716394 700.41501665813792 480 270
53 PINHOLE 960 540 698.03693466921163 700.41770396922675 480 270
52 PINHOLE 960 540 697.43348932651077 700.42876307179642 480 270
51 PINHOLE 960 540 697.90532838960405 699.7396067918188 480 270
50 PINHOLE 960 540 699.93155715046339 699.70270237414627 480 270
49 PINHOLE 960 540 693.97409549970575 696.1801789089028 480 270
48 PINHOLE 960 540 693.97409549970587 696.18017890890303 480 270
47 PINHOLE 960 540 691.9799760277208 694.1504315399086 480 270
46 PINHOLE 960 540 692.19120568717869 694.47803621350806 480 270
45 PINHOLE 960 540 691.79029641070531 693.51851754812697 480 270
44 PINHOLE 960 540 693.55089829908638 695.20500515009689 480 270
43 PINHOLE 960 540 698.25417672705555 699.0315517858669 480 270
42 PINHOLE 960 540 695.47870094208577 694.99003407714258 480 270
41 PINHOLE 960 540 697.14306375230706 694.49444903912263 480 270
40 PINHOLE 960 540 698.77091932590611 694.81057068954181 480 270
39 PINHOLE 960 540 698.35441991983623 693.88671725409586 480 270
38 PINHOLE 960 540 699.43255105450498 695.72895729872926 480 270
37 PINHOLE 960 540 698.15657917787689 697.96189813884575 480 270
36 PINHOLE 960 540 697.77877716944113 699.23998538445255 480 270
35 PINHOLE 960 540 697.97523413677447 694.47003368133483 480 270
34 PINHOLE 960 540 694.76265802977446 695.23346806086158 480 270
33 PINHOLE 960 540 694.77192231038737 693.43303346276969 480 270
32 PINHOLE 960 540 691.11292365830013 691.53591767872922 480 270
31 PINHOLE 960 540 696.07851564828411 693.06842178707711 480 270
30 PINHOLE 960 540 672.1842203395571 677.31113933678819 480 270
13 PINHOLE 960 540 700.09788606989923 698.22769815528648 480 270
12 PINHOLE 960 540 701.34322690208705 698.04130967218771 480 270
11 PINHOLE 960 540 699.45896502210996 699.00242029334368 480 270
10 PINHOLE 960 540 701.08959482170053 698.45099493861551 480 270
9 PINHOLE 960 540 700.51251030819162 699.81228214330497 480 270
8 PINHOLE 960 540 700.51950197011627 698.23163154294525 480 270
7 PINHOLE 960 540 700.66238130301576 699.50446391093317 480 270
6 PINHOLE 960 540 700.8342569199807 699.0964096914322 480 270
5 PINHOLE 960 540 700.92172102359177 698.84663369214854 480 270
4 PINHOLE 960 540 700.43423752482772 698.50091385190092 480 270
3 PINHOLE 960 540 700.30983716537628 698.20757121050144 480 270
2 PINHOLE 960 540 698.29031416478961 696.77765059207809 480 270
1 PINHOLE 960 540 698.29031416478949 696.77765059207798 480 270
14 PINHOLE 960 540 700.45636256489809 698.31693474086853 480 270
15 PINHOLE 960 540 699.82829497967805 697.42739396292177 480 270
16 PINHOLE 960 540 702.01583401240578 698.60261845760101 480 270
17 PINHOLE 960 540 701.09030484594825 698.31502381245525 480 270
18 PINHOLE 960 540 698.90968941366214 696.60113852526797 480 270
19 PINHOLE 960 540 702.57867450258505 696.60495949920926 480 270
20 PINHOLE 960 540 710.31904971115148 709.44717197415605 480 270
21 PINHOLE 960 540 710.31904971115159 709.44717197415628 480 270
22 PINHOLE 960 540 714.84844786933115 728.13580273887885 480 270
23 PINHOLE 960 540 678.813968404457 680.76262089508418 480 270
24 PINHOLE 960 540 680.87748989288286 692.70967054624009 480 270
25 PINHOLE 960 540 666.95354546500721 666.45341792190936 480 270
26 PINHOLE 960 540 667.51773315674006 669.2204257735965 480 270
27 PINHOLE 960 540 662.85875252590131 665.79693219814533 480 270
28 PINHOLE 960 540 679.99114552330127 680.65042100943242 480 270
29 PINHOLE 960 540 679.99114552330127 680.65042100943219 480 270
60 PINHOLE 960 540 697.84879875579531 697.37359174368589 480 270
61 PINHOLE 960 540 699.80611591268075 698.20935844972757 480 270
62 PINHOLE 960 540 699.21786555369965 698.03824742936058 480 270
63 PINHOLE 960 540 701.41580213494638 699.40322061174084 480 270
64 PINHOLE 960 540 700.73533633343425 698.2967491912334 480 270
65 PINHOLE 960 540 701.21243283710669 697.51573527104165 480 270
66 PINHOLE 960 540 700.86463210308762 698.35786820765304 480 270
67 PINHOLE 960 540 702.80431298391898 699.6849680699089 480 270
68 PINHOLE 960 540 700.14740195206195 695.89400693540665 480 270
69 PINHOLE 960 540 696.7553470786255 696.88644819189074 480 270
70 PINHOLE 960 540 699.32898880479388 700.45258112486101 480 270
71 PINHOLE 960 540 694.46503036349122 694.32740203242315 480 270
72 PINHOLE 960 540 700.93026314957729 701.10064181631742 480 270
73 PINHOLE 960 540 699.35276680072161 699.31667405958422 480 270
74 PINHOLE 960 540 696.92200213072954 697.42715919312957 480 270
75 PINHOLE 960 540 696.71095678795245 697.06521254905113 480 270
76 PINHOLE 960 540 697.00996816346606 695.96878147993175 480 270
77 PINHOLE 960 540 697.62648554438761 698.06296970391577 480 270
78 PINHOLE 960 540 698.78971623125619 699.02038865774716 480 270
79 PINHOLE 960 540 699.12082533824719 698.88624746938285 480 270
80 PINHOLE 960 540 697.04317033353607 696.79333995768559 480 270
81 PINHOLE 960 540 697.25675941222573 696.15076801408509 480 270
82 PINHOLE 960 540 697.66199915161928 697.21878799203466 480 270
83 PINHOLE 960 540 697.32454434776446 697.05320663427699 480 270
84 PINHOLE 960 540 699.90459432284479 700.41314430336354 480 270
85 PINHOLE 960 540 696.23670969576494 694.33085988283074 480 270
86 PINHOLE 960 540 697.03888066969876 695.30723454117197 480 270
87 PINHOLE 960 540 695.83442782001373 691.43159210830902 480 270
88 PINHOLE 960 540 696.91397467797754 692.68319757481902 480 270
89 PINHOLE 960 540 696.58262997099803 689.5263289418242 480 270
90 PINHOLE 960 540 695.9907483496188 686.36851969046086 480 270
91 PINHOLE 960 540 699.46901379017811 685.94250445904629 480 270
92 PINHOLE 960 540 698.45138197671702 682.63259510848513 480 270
93 PINHOLE 960 540 699.12435144173821 680.45622846368758 480 270
94 PINHOLE 960 540 699.23958363513179 679.82451660930678 480 270
95 PINHOLE 960 540 701.31754389394564 681.80572140817856 480 270
96 PINHOLE 960 540 701.61224224358773 679.84523426689395 480 270
97 PINHOLE 960 540 703.19051036526366 680.63831497782746 480 270
98 PINHOLE 960 540 705.52664351232261 684.04160115725983 480 270
99 PINHOLE 960 540 706.18387689385088 679.72576793837686 480 270
100 PINHOLE 960 540 706.76685880740263 684.67052980221956 480 270
101 PINHOLE 960 540 706.95519664102608 685.891079591172 480 270
102 PINHOLE 960 540 711.16093033985624 687.2417852049889 480 270
103 PINHOLE 960 540 712.77170414566854 687.88163430984628 480 270
104 PINHOLE 960 540 708.89758157962854 684.78943556901049 480 270
105 PINHOLE 960 540 713.3974476853856 688.16182016523351 480 270
106 PINHOLE 960 540 708.17430145164053 709.76355933279126 480 270
107 PINHOLE 960 540 699.36711033064682 701.81786410009283 480 270
108 PINHOLE 960 540 707.75719025392152 710.40236404609175 480 270
109 PINHOLE 960 540 707.7571990387645 710.40239039468463 480 270
110 PINHOLE 960 540 702.28191629109529 702.56677928832676 480 270
111 PINHOLE 960 540 699.58788860094512 700.184081829702 480 270
112 PINHOLE 960 540 702.05284809428485 706.17973031696579 480 270
113 PINHOLE 960 540 699.97626437208282 701.89151541116973 480 270
114 PINHOLE 960 540 706.91515835256189 710.2013819886289 480 270
115 PINHOLE 960 540 902.80697598635072 847.69989701118652 480 270
116 PINHOLE 960 540 720.77545253238634 719.01959178209484 480 270
117 PINHOLE 960 540 720.32301943563812 720.66152223550921 480 270
118 PINHOLE 960 540 710.55643032252385 711.47469270889508 480 270
119 PINHOLE 960 540 709.63498113273522 711.06883542787489 480 270
120 PINHOLE 960 540 708.62325342328973 707.95577854717942 480 270
121 PINHOLE 960 540 705.04228432276807 703.89521284006241 480 270
122 PINHOLE 960 540 704.82648060208396 704.80414357238817 480 270
123 PINHOLE 960 540 702.32648939756086 703.16697217985904 480 270
124 PINHOLE 960 540 700.5344033439759 701.96334688740535 480 270
125 PINHOLE 960 540 704.58077131011669 708.97237326404991 480 270
126 PINHOLE 960 540 704.80980136889889 708.15791940480631 480 270
127 PINHOLE 960 540 701.5970012749226 700.76011871153435 480 270
