# Camera list with one line of data per camera:
#   CAMERA_ID, MODEL, WIDTH, HEIGHT, PARAMS[]
# Number of cameras: 208
208 PINHOLE 1280 720 469.44071951893039 508.49742680653827 640 360
207 PINHOLE 1280 720 913.6378334722724 913.29141655701528 640 360
206 PINHOLE 1280 720 928.50107717188428 922.15590831531802 640 360
205 PINHOLE 1280 720 922.82678700367308 925.71765680038459 640 360
204 PINHOLE 640 360 509.57316092774357 533.91486244702946 320 180
203 PINHOLE 640 360 510.18351893972414 525.57475421582387 320 180
202 PINHOLE 640 360 508.04260841778461 515.7894254140931 320 180
201 PINHOLE 640 360 506.72946570616699 511.92464048938245 320 180
200 PINHOLE 640 360 496.11162017888705 501.67943792370704 320 180
199 PINHOLE 640 360 486.86162195065674 487.65197435429576 320 180
198 PINHOLE 640 360 486.86162195065674 487.65197435429576 320 180
197 PINHOLE 640 360 486.86162195065674 487.65197435429576 320 180
196 PINHOLE 640 360 477.34162350276648 474.71484105926498 320 180
195 PINHOLE 640 360 478.01326442665339 475.00730142504415 320 180
194 PINHOLE 640 360 477.79425170505198 471.82458536023597 320 180
193 PINHOLE 640 360 498.20896991357807 492.56184084273622 320 180
192 PINHOLE 640 360 465.65754496147849 456.79823202890168 320 180
191 PINHOLE 640 360 466.15997293189287 455.83151708164621 320 180
190 PINHOLE 640 360 462.36702640074316 449.94787247269107 320 180
189 PINHOLE 640 360 467.80383138165428 459.50368545090731 320 180
188 PINHOLE 640 360 465.16045422258964 457.19345131091177 320 180
187 PINHOLE 640 360 463.72814341711336 458.47491854387067 320 180
186 PINHOLE 640 360 464.85686121642777 458.78094896970697 320 180
185 PINHOLE 640 360 464.4762243712596 460.7400034097696 320 180
184 PINHOLE 640 360 463.43877858655969 461.56320127016966 320 180
183 PINHOLE 640 360 462.49169415662681 461.91861103417017 320 180
182 PINHOLE 640 360 463.28476542755266 463.91664494429455 320 180
181 PINHOLE 640 360 466.0782347482488 466.86963694018829 320 180
180 PINHOLE 640 360 466.33560367650387 467.65628862226208 320 180
179 PINHOLE 640 360 466.54530450881413 467.27852640931007 320 180
178 PINHOLE 640 360 465.24408766562527 466.23384204624517 320 180
177 PINHOLE 640 360 467.49575572567062 468.70557755058803 320 180
176 PINHOLE 640 360 464.02395171864714 465.37808800907942 320 180
175 PINHOLE 640 360 467.6530980986945 469.98415489565139 320 180
174 PINHOLE 640 360 466.97171530196988 469.11969482112983 320 180
173 PINHOLE 640 360 467.31902082212019 469.52011844968297 320 180
172 PINHOLE 640 360 468.524536358457 470.75415450123762 320 180
171 PINHOLE 640 360 467.52549531297711 468.99797978866428 320 180
170 PINHOLE 640 360 468.52545421969347 468.46824624532587 320 180
169 PINHOLE 640 360 468.39160122646473 468.82833989246433 320 180
168 PINHOLE 640 360 470.72286431943655 471.84369927834041 320 180
167 PINHOLE 640 360 467.88733996381757 468.02710737566673 320 180
166 PINHOLE 640 360 468.941435524562 469.60622727511907 320 180
165 PINHOLE 640 360 469.15365718452404 468.84725683313258 320 180
164 PINHOLE 640 360 469.02268475325428 469.2733455077589 320 180
163 PINHOLE 640 360 469.726924138242 469.82644902150048 320 180
162 PINHOLE 640 360 467.29424585125093 466.23459702828194 320 180
161 PINHOLE 640 360 465.88833760827714 465.15233457322705 320 180
160 PINHOLE 640 360 467.58929838931761 466.67315442726306 320 180
159 PINHOLE 640 360 466.93536321979246 465.61482697096255 320 180
158 PINHOLE 640 360 468.24379263291303 467.24800765101458 320 180
157 PINHOLE 640 360 467.28108704122297 466.08856824887175 320 180
156 PINHOLE 640 360 469.61665910652016 467.62449868545792 320 180
155 PINHOLE 640 360 468.13293606086586 466.8340436074111 320 180
154 PINHOLE 640 360 467.921948064709 467.79136221777651 320 180
153 PINHOLE 640 360 470.06672970241232 469.29198222936509 320 180
152 PINHOLE 640 360 471.01548434184338 470.39375877422862 320 180
151 PINHOLE 640 360 469.70091524096665 468.37565768108612 320 180
150 PINHOLE 640 360 468.72308815502612 466.70449178605645 320 180
149 PINHOLE 640 360 468.88806141176383 465.57433829453197 320 180
148 PINHOLE 640 360 466.69381833023584 462.31877147751669 320 180
147 PINHOLE 640 360 468.49587350241165 464.77277358273841 320 180
146 PINHOLE 640 360 469.99904619509414 468.86446473543361 320 180
145 PINHOLE 640 360 403.61744377250096 366.93400640673173 320 180
144 PINHOLE 640 360 400.22633792342162 334.58962043368939 320 180
143 PINHOLE 640 360 280.21844157585974 165.92287313447474 320 180
142 PINHOLE 640 360 445.37706388575111 327.43460369769053 320 180
141 PINHOLE 640 360 492.75760388499759 423.67757863572382 320 180
140 PINHOLE 640 360 505.49808265860037 531.04162574025804 320 180
139 PINHOLE 640 360 465.54947623887927 467.51687789821943 320 180
138 PINHOLE 640 360 464.94729471039949 466.10683823889286 320 180
137 PINHOLE 640 360 465.19332781727746 464.38213134622112 320 180
136 PINHOLE 640 360 466.05908082039809 464.48926589496273 320 180
135 PINHOLE 640 360 466.3231408461055 465.69339436700665 320 180
134 PINHOLE 640 360 466.84465494057895 464.77645056363025 320 180
133 PINHOLE 640 360 468.70882941534268 465.67952122471524 320 180
132 PINHOLE 640 360 474.09264227868692 469.88056658497533 320 180
131 PINHOLE 640 360 476.77525294500964 471.0475427460824 320 180
130 PINHOLE 640 360 466.73244901708847 465.33713472035356 320 180
129 PINHOLE 640 360 464.95856696989586 464.08771421188698 320 180
128 PINHOLE 640 360 466.91541305824211 467.90453732153873 320 180
59 PINHOLE 640 360 464.32357844164397 463.26008652718258 320 180
58 PINHOLE 640 360 467.56529334550248 469.81252658791351 320 180
57 PINHOLE 640 360 461.7543854437007 455.93913761299058 320 180
56 PINHOLE 640 360 467.18274117598781 467.05155154516746 320 180
55 PINHOLE 640 360 473.70237653826666 481.19963869453369 320 180
54 PINHOLE 640 360 466.42048645702323 467.39026367452794 320 180
53 PINHOLE 640 360 464.7902362698257 465.9917654411318 320 180
52 PINHOLE 640 360 467.55980130158241 466.91283650904592 320 180
51 PINHOLE 640 360 470.02566502655844 468.52781416811308 320 180
50 PINHOLE 640 360 466.89692791360699 465.08953279917029 320 180
49 PINHOLE 640 360 463.74830429054782 463.82235248310695 320 180
48 PINHOLE 640 360 465.66155543212096 463.72446863985465 320 180
47 PINHOLE 640 360 464.01788841664251 462.99893161795882 320 180
46 PINHOLE 640 360 463.91144790061429 462.04130674250013 320 180
45 PINHOLE 640 360 464.5703412349414 462.97132750418041 320 180
44 PINHOLE 640 360 467.83686600454911 465.63391102278297 320 180
43 PINHOLE 640 360 467.56109909894951 464.52772327169617 320 180
42 PINHOLE 640 360 467.85950564608521 463.61882171086125 320 180
41 PINHOLE 640 360 463.94755194025902 460.29340248651403 320 180
40 PINHOLE 640 360 464.75471236944122 459.06895980520397 320 180
39 PINHOLE 640 360 464.5392572875673 459.58268710985851 320 180
38 PINHOLE 640 360 461.25998226036506 454.74585909605042 320 180
37 PINHOLE 640 360 463.45324675459966 457.37550567960085 320 180
36 PINHOLE 640 360 464.12306516326623 453.8974302437382 320 180
35 PINHOLE 640 360 465.73047558146362 455.49896298823518 320 180
34 PINHOLE 640 360 463.9501412886915 459.45809779974945 320 180
33 PINHOLE 640 360 457.97750609545466 456.19818752760176 320 180
32 PINHOLE 640 360 466.07642573101316 459.11807340351822 320 180
31 PINHOLE 640 360 451.92397332988907 431.49015766024127 320 180
30 PINHOLE 640 360 443.2871681367007 454.92975469862648 320 180
13 PINHOLE 640 360 464.30050047319759 462.77427357401007 320 180
12 PINHOLE 640 360 463.40427588053012 461.17023745417629 320 180
11 PINHOLE 640 360 462.35465813230849 458.7110977472235 320 180
10 PINHOLE 640 360 461.37115519525327 458.76888733410004 320 180
9 PINHOLE 640 360 462.75379129507746 460.0877264895862 320 180
8 PINHOLE 640 360 462.2893140454546 458.38254025453654 320 180
7 PINHOLE 640 360 462.45805855385612 459.38822372054375 320 180
6 PINHOLE 640 360 461.7663070683094 458.23424991227853 320 180
5 PINHOLE 640 360 461.79951043164431 459.64513830948539 320 180
4 PINHOLE 640 360 462.20517177199395 460.83689617811319 320 180
3 PINHOLE 640 360 461.70651203669735 459.69976214983677 320 180
2 PINHOLE 640 360 461.79359052593833 464.24096743686783 320 180
1 PINHOLE 640 360 461.79359052593833 464.24096743686783 320 180
14 PINHOLE 640 360 460.86418696870015 459.30231139822706 320 180
15 PINHOLE 640 360 461.79115274802695 458.35197071871653 320 180
16 PINHOLE 640 360 463.42677419896569 459.71154422292244 320 180
17 PINHOLE 640 360 462.23672250795391 460.92967156714991 320 180
18 PINHOLE 640 360 462.23672250795386 460.92967156715014 320 180
19 PINHOLE 640 360 468.56810537035005 465.81778672814266 320 180
20 PINHOLE 640 360 469.80007005061071 468.500061499369 320 180
21 PINHOLE 640 360 470.99098762750344 466.31720041576074 320 180
22 PINHOLE 640 360 483.56904608915829 478.38912892970217 320 180
23 PINHOLE 640 360 472.83550122072353 481.76552579505233 320 180
24 PINHOLE 640 360 473.05447928684021 495.54787508541216 320 180
25 PINHOLE 640 360 471.78933870828382 474.58288874881589 320 180
26 PINHOLE 640 360 461.04097676956314 462.35119038063925 320 180
27 PINHOLE 640 360 466.82938119199844 464.72608950022294 320 180
28 PINHOLE 640 360 466.82938119199849 464.72608950022311 320 180
29 PINHOLE 640 360 454.34337796405873 458.61745773099005 320 180
60 PINHOLE 640 360 464.82460817901494 465.39542797492817 320 180
61 PINHOLE 640 360 464.77717280624614 465.7192547374255 320 180
62 PINHOLE 640 360 463.5949753061181 465.33963935608159 320 180
63 PINHOLE 640 360 463.28732204899774 464.75888889587452 320 180
64 PINHOLE 640 360 463.37074843879958 465.96778948720106 320 180
65 PINHOLE 640 360 463.68522508758235 465.42901337445244 320 180
66 PINHOLE 640 360 463.58952366127755 466.10411949440044 320 180
67 PINHOLE 640 360 457.23589614890147 461.23972206994432 320 180
68 PINHOLE 640 360 456.9857754613692 459.04313869484025 320 180
69 PINHOLE 640 360 464.62330312557401 468.7309698772209 320 180
70 PINHOLE 640 360 462.78964205783899 469.52235005920119 320 180
71 PINHOLE 640 360 460.54527837333131 464.24150017071997 320 180
72 PINHOLE 640 360 463.13626223251288 464.56752440522092 320 180
73 PINHOLE 640 360 459.98678947983802 459.53584345471808 320 180
74 PINHOLE 640 360 463.06064505509704 464.04235739007015 320 180
75 PINHOLE 640 360 465.04916036478073 464.14152899607603 320 180
76 PINHOLE 640 360 465.87764387627686 463.5313199626832 320 180
77 PINHOLE 640 360 467.18337410876512 466.92072628300213 320 180
78 PINHOLE 640 360 465.88827920340867 464.78037405894975 320 180
79 PINHOLE 640 360 463.54908597329359 462.41506514170106 320 180
80 PINHOLE 640 360 465.75134114628355 464.85193322115015 320 180
81 PINHOLE 640 360 464.24537623160353 464.62522954573012 320 180
82 PINHOLE 640 360 464.70579811696905 464.14694236570978 320 180
83 PINHOLE 640 360 463.51956200961325 462.26820667277252 320 180
84 PINHOLE 640 360 465.12081184312649 464.01188586429078 320 180
85 PINHOLE 640 360 465.99969677943005 462.52312693096229 320 180
86 PINHOLE 640 360 465.19526647646063 461.66505319351626 320 180
87 PINHOLE 640 360 464.04531456765341 460.08453552733806 320 180
88 PINHOLE 640 360 465.55814986756803 459.65367292739188 320 180
89 PINHOLE 640 360 465.16927370736317 459.03904943807237 320 180
90 PINHOLE 640 360 465.67316562029123 459.46454489513519 320 180
91 PINHOLE 640 360 465.33805973631195 457.29870394290685 320 180
92 PINHOLE 640 360 463.06990383959027 454.56168605609633 320 180
93 PINHOLE 640 360 462.36743236397376 452.98564963577104 320 180
94 PINHOLE 640 360 463.5007393781018 454.00836163217042 320 180
95 PINHOLE 640 360 467.51343843841477 454.58346543838866 320 180
96 PINHOLE 640 360 469.67203865591915 452.50337466512923 320 180
97 PINHOLE 640 360 468.88277562093424 454.49745789285521 320 180
98 PINHOLE 640 360 468.98785892252465 454.81635663080209 320 180
99 PINHOLE 640 360 460.03908964327405 455.79058677846808 320 180
100 PINHOLE 640 360 469.32192239190755 465.59076527477589 320 180
101 PINHOLE 640 360 469.91598122230363 477.09953462850621 320 180
102 PINHOLE 640 360 578.80601863417314 742.19385566091216 320 180
103 PINHOLE 640 360 599.02928658488759 764.39773172596881 320 180
104 PINHOLE 640 360 700.4013994871226 815.6680975398798 320 180
105 PINHOLE 640 360 686.36058735069719 826.22971457093911 320 180
106 PINHOLE 640 360 861.37621286606623 692.23373331109394 320 180
107 PINHOLE 640 360 831.67080232357296 692.71648865017607 320 180
108 PINHOLE 640 360 808.62354559901348 720.73182914978395 320 180
109 PINHOLE 640 360 770.43616281862273 715.93065722468771 320 180
110 PINHOLE 640 360 718.28573813844469 674.94761720418069 320 180
111 PINHOLE 640 360 699.46196299170299 651.74874142357498 320 180
112 PINHOLE 640 360 610.97033419331467 575.89451600840482 320 180
113 PINHOLE 640 360 538.10604626399049 430.06336760278469 320 180
114 PINHOLE 640 360 487.70259166485039 367.36671996666672 320 180
115 PINHOLE 640 360 405.09005369816254 272.72447704543947 320 180
116 PINHOLE 640 360 472.75809935771588 485.94115721058898 320 180
117 PINHOLE 640 360 479.71489414305722 494.47938256372481 320 180
118 PINHOLE 640 360 529.28307439159835 947.65763432444373 320 180
119 PINHOLE 640 360 526.64834190835313 977.58781456339261 320 180
120 PINHOLE 640 360 531.56801177488637 1200.8141721294091 320 180
121 PINHOLE 640 360 482.7908720981568 529.81559607926226 320 180
122 PINHOLE 640 360 497.66900227536604 634.49495888286492 320 180
123 PINHOLE 640 360 521.04300981560209 1014.0124971235937 320 180
124 PINHOLE 640 360 482.13025163503147 540.7477358071144 320 180
125 PINHOLE 640 360 469.03101761652647 473.83798507198566 320 180
126 PINHOLE 640 360 467.65952644178446 469.49959254630562 320 180
127 PINHOLE 640 360 465.4613051167758 465.11146996699438 320 180
